3 0.256250 0.948148 0.094792 0.096296
3 0.458594 0.626852 0.043229 0.074074
3 0.521094 0.532870 0.018229 0.019444
3 0.564583 0.285185 0.026042 0.051852
3 0.772396 0.418981 0.051042 0.076852
3 0.775000 0.518519 0.056250 0.090741
3 0.834115 0.492130 0.044271 0.063889
3 0.876302 0.440278 0.071354 0.102778
3 0.933333 0.425926 0.056250 0.075926
3 0.953906 0.533796 0.075521 0.093519
3 0.871875 0.524537 0.028125 0.050926
4 0.364063 0.640278 0.020833 0.041667
4 0.498177 0.542130 0.021354 0.015741
7 0.865365 0.573611 0.229687 0.112037
6 0.869792 0.470833 0.236458 0.095370
5 0.868490 0.355556 0.260937 0.101852
0 0.504687 0.854630 0.166667 0.188889
