3 0.297656 0.426915 0.056771 0.083669
3 0.327344 0.492440 0.035937 0.075605
3 0.356771 0.532762 0.051042 0.097782
3 0.389583 0.414819 0.036458 0.063508
3 0.386719 0.501512 0.011979 0.035282
3 0.430990 0.431956 0.043229 0.077621
3 0.440104 0.496976 0.037500 0.050403
4 0.486458 0.609879 0.020833 0.030242
4 0.413542 0.510081 0.015625 0.018145
1 0.501823 0.838206 0.140104 0.174395
5 0.284896 0.342742 0.010417 0.064516
5 0.306250 0.350806 0.010417 0.044355
5 0.329427 0.342238 0.017188 0.063508
5 0.368229 0.340726 0.009375 0.050403
5 0.377083 0.346774 0.005208 0.044355
5 0.404948 0.348790 0.006771 0.058468
5 0.424740 0.345262 0.008854 0.055444
5 0.440365 0.347278 0.006771 0.045363
5 0.451302 0.345262 0.013021 0.055444
6 0.302865 0.483367 0.028646 0.047379
6 0.332292 0.479839 0.014583 0.028226
6 0.372396 0.484375 0.014583 0.039315
6 0.417969 0.482863 0.024479 0.052419
7 0.308073 0.566532 0.035937 0.032258
7 0.337240 0.575605 0.014063 0.032258
7 0.379167 0.583165 0.016667 0.035282
7 0.420312 0.571573 0.020833 0.040323
7 0.443229 0.553931 0.022917 0.035282
