3 0.412500 0.362500 0.159375 0.252778
3 0.555469 0.502778 0.082812 0.166667
3 0.694531 0.338889 0.104688 0.183333
3 0.325781 0.551389 0.064062 0.208333
3 0.982812 0.345833 0.031250 0.058333
3 0.878125 0.243056 0.021875 0.069444
3 0.876563 0.309722 0.018750 0.052778
4 0.602344 0.493056 0.079687 0.169444
4 0.254688 0.491667 0.125000 0.111111
4 0.982812 0.398611 0.015625 0.047222
7 0.359375 0.700000 0.050000 0.077778
7 0.460938 0.712500 0.040625 0.080556
7 0.587500 0.713889 0.068750 0.083333
7 0.669531 0.686111 0.064062 0.077778
6 0.354687 0.465278 0.046875 0.102778
6 0.460156 0.481944 0.048438 0.102778
6 0.671094 0.470833 0.073438 0.113889
5 0.258594 0.105556 0.026562 0.133333
5 0.333594 0.104167 0.020313 0.152778
5 0.414062 0.129167 0.012500 0.097222
5 0.443750 0.091667 0.018750 0.155556
5 0.535156 0.140278 0.010937 0.113889
5 0.625781 0.111111 0.017188 0.161111
5 0.712500 0.119444 0.018750 0.155556
5 0.744531 0.120833 0.014063 0.125000
