3 0.472917 0.532762 0.100000 0.206653
3 0.553385 0.635081 0.071354 0.151210
3 0.660156 0.612399 0.038021 0.081653
3 0.686719 0.488407 0.082812 0.166331
3 0.897917 0.621976 0.204167 0.332661
3 0.619792 0.876512 0.178125 0.246976
3 0.011198 0.827621 0.021354 0.120968
0 0.497656 0.771169 0.118229 0.185484
7 0.486719 0.876512 0.076563 0.095766
7 0.491406 0.786794 0.061979 0.059476
6 0.485417 0.661290 0.063542 0.090726
6 0.557813 0.740927 0.046875 0.076613
6 0.684635 0.792843 0.023438 0.079637
6 0.842187 0.787298 0.139583 0.080645
5 0.454948 0.325605 0.025521 0.161290
5 0.513542 0.333165 0.015625 0.099798
5 0.546875 0.289819 0.023958 0.180444
5 0.565104 0.339214 0.011458 0.091734
5 0.656510 0.333165 0.008854 0.085685
5 0.699740 0.292843 0.033854 0.230847
5 0.726302 0.329133 0.014063 0.081653
5 0.840365 0.329133 0.021354 0.119960
5 0.914062 0.320565 0.021875 0.145161
5 0.941406 0.279738 0.053646 0.216734
5 0.984115 0.308972 0.031771 0.188508
