3 0.376302 0.534259 0.058854 0.098148
3 0.390625 0.419907 0.039583 0.078704
3 0.443750 0.448611 0.056250 0.110185
3 0.473698 0.500463 0.032813 0.062037
3 0.534896 0.431944 0.046875 0.078704
3 0.536719 0.537500 0.060937 0.095370
3 0.767969 0.469444 0.018229 0.027778
3 0.964323 0.785185 0.071354 0.131481
3 0.910677 0.443056 0.028646 0.043519
3 0.947656 0.404167 0.033854 0.050926
3 0.923438 0.395833 0.016667 0.049074
3 0.985677 0.443056 0.025521 0.041667
4 0.199219 0.587500 0.030729 0.026852
4 0.232813 0.568981 0.026042 0.028704
4 0.568750 0.514352 0.015625 0.012037
4 0.585156 0.508796 0.016146 0.010185
0 0.496354 0.847685 0.146875 0.184259
7 0.449479 0.590741 0.217708 0.088889
6 0.454948 0.492593 0.221354 0.105556
5 0.450260 0.360185 0.238021 0.116667
7 0.947135 0.473611 0.105729 0.045370
6 0.950260 0.429167 0.095312 0.050926
