3 0.571615 0.597782 0.040104 0.070565
3 0.482031 0.548891 0.027604 0.057460
3 0.771354 0.547883 0.033333 0.053427
3 0.126823 0.442540 0.065104 0.094758
3 0.152083 0.518145 0.057292 0.076613
3 0.131250 0.560484 0.031250 0.040323
3 0.225781 0.539819 0.059896 0.095766
3 0.225781 0.430444 0.042188 0.078629
3 0.299740 0.429940 0.048438 0.087702
3 0.296094 0.502016 0.042188 0.060484
4 0.644271 0.541331 0.016667 0.020161
4 0.073177 0.579637 0.019271 0.046371
7 0.217188 0.576109 0.213542 0.089718
6 0.220052 0.474294 0.218229 0.049395
5 0.208073 0.362903 0.232813 0.114919
