3 0.764844 0.254167 0.051562 0.069444
3 0.885938 0.237500 0.059375 0.075000
3 0.992969 0.231944 0.014063 0.086111
3 0.274219 0.343056 0.117188 0.180556
3 0.244531 0.505556 0.079687 0.138889
3 0.739062 0.434722 0.025000 0.041667
3 0.751563 0.484722 0.031250 0.047222
3 0.836719 0.483333 0.035937 0.055556
4 0.196094 0.670833 0.054688 0.069444
4 0.298438 0.602778 0.075000 0.105556
4 0.380469 0.708333 0.092188 0.044444
4 0.478906 0.600000 0.051562 0.105556
4 0.545312 0.647222 0.040625 0.111111
4 0.519531 0.625000 0.026562 0.055556
4 0.549219 0.419444 0.076563 0.072222
4 0.496094 0.429167 0.039062 0.069444
4 0.400000 0.426389 0.040625 0.130556
4 0.456250 0.272222 0.028125 0.100000
4 0.283594 0.173611 0.051562 0.158333
4 0.320312 0.213889 0.025000 0.077778
7 0.371875 0.579167 0.421875 0.141667
6 0.378125 0.434722 0.384375 0.175000
5 0.381250 0.205556 0.403125 0.250000
7 0.790625 0.506944 0.131250 0.052778
6 0.793750 0.456944 0.131250 0.063889
5 0.788281 0.391667 0.142187 0.044444
