3 0.349740 0.842238 0.063021 0.170363
3 0.338542 0.591230 0.038542 0.063508
3 0.466146 0.574093 0.029167 0.053427
3 0.668490 0.492944 0.039062 0.074597
3 0.795573 0.501008 0.041146 0.090726
3 0.705208 0.470262 0.023958 0.071573
3 0.742188 0.425403 0.029167 0.078629
3 0.771615 0.410282 0.028646 0.050403
3 0.666406 0.394153 0.038021 0.030242
4 0.286458 0.845262 0.023958 0.087702
4 0.491927 0.525202 0.018229 0.020161
4 0.629687 0.510585 0.017708 0.011089
7 0.726823 0.542843 0.179688 0.095766
6 0.724479 0.469758 0.159375 0.058468
5 0.733333 0.349798 0.181250 0.058468
0 0.505469 0.832157 0.136979 0.200605
