3 0.767969 0.261111 0.048438 0.077778
3 0.883594 0.241667 0.054688 0.083333
3 0.990625 0.225000 0.015625 0.088889
3 0.247656 0.520833 0.092188 0.130556
3 0.271094 0.354167 0.107813 0.180556
3 0.738281 0.437500 0.029687 0.047222
3 0.750000 0.486111 0.034375 0.050000
3 0.837500 0.483333 0.031250 0.050000
4 0.196875 0.675000 0.062500 0.077778
4 0.296094 0.600000 0.070312 0.100000
4 0.375781 0.709722 0.095312 0.047222
4 0.546875 0.652778 0.040625 0.133333
4 0.514844 0.623611 0.032813 0.052778
4 0.478125 0.597222 0.056250 0.100000
4 0.396875 0.433333 0.043750 0.122222
4 0.492969 0.440278 0.042188 0.086111
4 0.550000 0.419444 0.071875 0.072222
4 0.453906 0.269444 0.029687 0.105556
4 0.321094 0.211111 0.029687 0.088889
4 0.285156 0.168056 0.054688 0.163889
7 0.788281 0.508333 0.142187 0.044444
6 0.792188 0.452778 0.125000 0.055556
5 0.790625 0.397222 0.137500 0.055556
7 0.392969 0.580556 0.382812 0.150000
6 0.385937 0.422222 0.353125 0.211111
5 0.377344 0.225000 0.392188 0.283333
