3 0.362500 0.503704 0.028125 0.046296
3 0.223958 0.514352 0.040625 0.052778
3 0.199219 0.437037 0.055729 0.098148
3 0.173698 0.556481 0.070312 0.101852
3 0.132552 0.513426 0.055729 0.078704
3 0.033594 0.459722 0.066146 0.147222
3 0.058594 0.539815 0.041146 0.062963
4 0.061198 0.576852 0.009896 0.051852
4 0.225260 0.559722 0.016146 0.050926
4 0.302344 0.581019 0.038021 0.015741
0 0.506771 0.861574 0.165625 0.197222
7 0.122135 0.634722 0.232813 0.160185
6 0.118490 0.514352 0.235937 0.126852
5 0.115625 0.367593 0.222917 0.135185
