3 0.270052 0.724294 0.059896 0.107863
3 0.555469 0.504536 0.025521 0.039315
3 0.609375 0.433972 0.045833 0.091734
3 0.665885 0.501512 0.031771 0.069556
3 0.711719 0.462702 0.061979 0.125000
3 0.755729 0.421371 0.034375 0.070565
3 0.777865 0.550907 0.065104 0.099798
3 0.209896 0.390625 0.021875 0.039315
3 0.226302 0.440524 0.024479 0.042339
3 0.242188 0.424899 0.017708 0.029234
3 0.265885 0.398185 0.024479 0.046371
3 0.289062 0.430444 0.018750 0.038306
4 0.041667 0.680948 0.045833 0.035282
4 0.126562 0.488911 0.020833 0.014113
4 0.365885 0.468246 0.015104 0.017137
4 0.438802 0.486391 0.014063 0.021169
7 0.690885 0.597782 0.224479 0.094758
6 0.698698 0.503528 0.210938 0.103831
5 0.700521 0.367944 0.233333 0.114919
7 0.249740 0.458669 0.096354 0.034274
6 0.246875 0.410282 0.111458 0.032258
