3 0.609635 0.300926 0.019271 0.048148
3 0.451823 0.520833 0.025521 0.058333
3 0.317708 0.578704 0.038542 0.064815
3 0.087240 0.559259 0.081771 0.111111
3 0.044010 0.433796 0.076563 0.104630
3 0.009635 0.470833 0.016146 0.097222
3 0.282292 0.476852 0.030208 0.044444
3 0.325781 0.473148 0.017188 0.038889
3 0.334375 0.422222 0.016667 0.038889
3 0.373698 0.415278 0.010937 0.025000
3 0.390885 0.419907 0.017188 0.025000
3 0.397917 0.387037 0.015625 0.031481
3 0.357812 0.388426 0.019792 0.026852
3 0.343490 0.387500 0.013021 0.023148
4 0.441146 0.449537 0.015625 0.015741
4 0.523698 0.463426 0.007812 0.021296
4 0.551562 0.609722 0.028125 0.021296
0 0.502083 0.850000 0.158333 0.179630
7 0.067187 0.636111 0.133333 0.166667
6 0.053385 0.498148 0.105729 0.109259
5 0.051823 0.362500 0.102604 0.112037
7 0.364323 0.436111 0.091146 0.027778
6 0.363542 0.406019 0.088542 0.030556
