3 0.250000 0.515278 0.096875 0.158333
3 0.340625 0.327778 0.115625 0.188889
3 0.638281 0.477778 0.020313 0.033333
3 0.634375 0.275000 0.043750 0.072222
3 0.736719 0.269444 0.051562 0.077778
3 0.842969 0.262500 0.064062 0.069444
3 0.565625 0.476389 0.025000 0.036111
4 0.232813 0.712500 0.093750 0.091667
4 0.382031 0.613889 0.057813 0.127778
4 0.485938 0.730556 0.093750 0.072222
4 0.547656 0.600000 0.060937 0.094444
4 0.603125 0.648611 0.037500 0.141667
4 0.556250 0.656944 0.025000 0.047222
4 0.492188 0.426389 0.068750 0.125000
4 0.588281 0.415278 0.060937 0.058333
4 0.430469 0.268056 0.020313 0.113889
4 0.290625 0.433333 0.040625 0.072222
4 0.283594 0.184722 0.029687 0.086111
4 0.373437 0.144444 0.043750 0.194444
7 0.407031 0.631944 0.457813 0.236111
6 0.409375 0.430556 0.375000 0.166667
5 0.400781 0.187500 0.410938 0.302778
