3 0.498177 0.623148 0.042188 0.077778
3 0.521875 0.517130 0.030208 0.050926
3 0.574479 0.486574 0.025000 0.043519
3 0.735417 0.491204 0.041667 0.071296
3 0.774740 0.430093 0.047396 0.075000
3 0.865625 0.512500 0.063542 0.076852
3 0.851562 0.468981 0.034375 0.041667
3 0.911719 0.431944 0.059896 0.093519
4 0.446094 0.577778 0.021354 0.033333
4 0.522917 0.563889 0.012500 0.042593
4 0.575521 0.525926 0.014583 0.038889
4 0.914583 0.550000 0.028125 0.024074
7 0.823438 0.547222 0.201042 0.101852
6 0.820573 0.475000 0.221354 0.085185
5 0.835417 0.370370 0.236458 0.081481
