3 0.800781 0.946573 0.201563 0.106855
3 0.982812 0.616431 0.034375 0.134073
3 0.439844 0.567036 0.029687 0.059476
3 0.543229 0.643145 0.037500 0.086694
3 0.658073 0.443044 0.023438 0.045363
3 0.656510 0.396673 0.019271 0.033266
3 0.695573 0.399194 0.024479 0.040323
3 0.685937 0.436492 0.015625 0.034274
3 0.723437 0.400202 0.017708 0.048387
3 0.744010 0.478327 0.009896 0.027218
4 0.132292 0.856855 0.064583 0.080645
4 0.554948 0.472782 0.014063 0.008065
4 0.591667 0.465726 0.013542 0.012097
4 0.783333 0.479839 0.017708 0.018145
0 0.501302 0.838710 0.144271 0.189516
7 0.685156 0.466230 0.086979 0.035282
6 0.686979 0.415827 0.096875 0.045363
