3 0.543229 0.490423 0.031250 0.047379
3 0.617188 0.425907 0.047917 0.079637
3 0.615365 0.527722 0.056771 0.097782
3 0.669531 0.498488 0.033854 0.073589
3 0.648698 0.499496 0.014063 0.051411
3 0.700260 0.449597 0.059896 0.112903
3 0.749740 0.425907 0.048438 0.079637
3 0.769531 0.542843 0.055729 0.095766
3 0.785417 0.499496 0.019792 0.025202
4 0.542188 0.532258 0.010417 0.036290
4 0.651042 0.545363 0.007292 0.038306
4 0.508854 0.778730 0.026042 0.085685
1 0.501302 0.842742 0.140104 0.193548
7 0.691406 0.586190 0.189062 0.111895
6 0.689844 0.471270 0.205729 0.105847
5 0.699219 0.370464 0.215104 0.115927
