3 0.489844 0.681019 0.043229 0.100926
3 0.669531 0.416204 0.039062 0.073148
3 0.707812 0.498148 0.044792 0.075926
3 0.703125 0.455093 0.030208 0.023148
3 0.760677 0.410648 0.027604 0.052778
3 0.792969 0.427778 0.048438 0.079630
3 0.817187 0.488889 0.041667 0.068519
3 0.877865 0.423148 0.018229 0.040741
3 0.887500 0.384259 0.017708 0.035185
3 0.910677 0.391667 0.025521 0.033333
3 0.920833 0.415278 0.016667 0.032407
3 0.958333 0.387037 0.028125 0.035185
3 0.951042 0.427315 0.023958 0.045370
7 0.739844 0.528241 0.190104 0.082407
7 0.912500 0.443056 0.108333 0.034259
6 0.746875 0.454167 0.213542 0.075000
6 0.918490 0.410185 0.098437 0.035185
5 0.747917 0.361574 0.195833 0.076852
