3 0.044271 0.577621 0.086458 0.135081
3 0.075521 0.443548 0.056250 0.096774
3 0.136198 0.457157 0.077604 0.105847
3 0.186198 0.512097 0.041146 0.070565
3 0.252604 0.547883 0.063542 0.093750
3 0.247917 0.430948 0.057292 0.101815
3 0.433333 0.477823 0.019792 0.036290
3 0.509115 0.459677 0.021354 0.030242
3 0.585938 0.551915 0.029167 0.055444
3 0.731250 0.470766 0.017708 0.038306
3 0.565625 0.423387 0.017708 0.034274
3 0.584115 0.392641 0.016146 0.035282
3 0.629167 0.390121 0.021875 0.040323
3 0.608594 0.423891 0.015104 0.041331
4 0.119010 0.845766 0.070312 0.064516
4 0.494010 0.799395 0.026562 0.076613
4 0.695833 0.472278 0.005208 0.017137
7 0.147656 0.613407 0.286979 0.144153
6 0.146094 0.484879 0.284896 0.100806
5 0.142448 0.360383 0.283854 0.109879
7 0.591927 0.436996 0.080729 0.033266
6 0.595573 0.408266 0.078646 0.030242
0 0.503125 0.835685 0.140625 0.187500
