3 0.595573 0.760585 0.077604 0.158266
3 0.696615 0.600806 0.043229 0.082661
3 0.677344 0.417339 0.023438 0.052419
3 0.267188 0.518649 0.031250 0.053427
3 0.354687 0.457661 0.031250 0.056452
3 0.356250 0.399698 0.020833 0.039315
3 0.397396 0.445565 0.020833 0.040323
3 0.390625 0.415827 0.023958 0.035282
3 0.434375 0.454133 0.028125 0.055444
3 0.429427 0.399194 0.024479 0.030242
7 0.359896 0.481351 0.013542 0.025202
7 0.426823 0.479839 0.018229 0.038306
6 0.356250 0.428931 0.022917 0.035282
6 0.423177 0.425403 0.016146 0.040323
