3 0.553906 0.464214 0.041146 0.063508
3 0.541406 0.402218 0.024479 0.030242
3 0.662500 0.498992 0.022917 0.034274
3 0.639323 0.462198 0.033854 0.063508
3 0.609375 0.415323 0.031250 0.046371
3 0.578385 0.449093 0.018229 0.055444
4 0.436979 0.492944 0.023958 0.022177
4 0.467187 0.490423 0.018750 0.017137
4 0.538281 0.494456 0.022396 0.025202
4 0.582812 0.483367 0.013542 0.013105
4 0.715885 0.516129 0.026562 0.018145
4 0.786979 0.536794 0.012500 0.017137
4 0.801302 0.539819 0.010937 0.029234
4 0.911458 0.595262 0.031250 0.039315
4 0.957552 0.618952 0.024479 0.050403
4 0.496615 0.779738 0.024479 0.081653
7 0.546094 0.485383 0.023438 0.033266
7 0.567448 0.502016 0.013021 0.034274
7 0.595313 0.497984 0.009375 0.032258
7 0.617969 0.500000 0.013021 0.028226
7 0.633854 0.492944 0.016667 0.036290
6 0.541406 0.432460 0.017188 0.038306
6 0.567708 0.439012 0.018750 0.031250
6 0.595573 0.443548 0.009896 0.034274
6 0.618229 0.443548 0.009375 0.040323
