3 0.286458 0.460685 0.016667 0.032258
3 0.276042 0.457661 0.012500 0.022177
3 0.047917 0.558468 0.040625 0.058468
3 0.060156 0.396673 0.017188 0.037298
3 0.101042 0.395161 0.028125 0.042339
3 0.103385 0.429940 0.015104 0.021169
3 0.141927 0.394657 0.032813 0.039315
3 0.154167 0.477823 0.086458 0.135081
3 0.159896 0.582157 0.077083 0.095766
3 0.030469 0.700101 0.059896 0.188508
3 0.039844 0.463206 0.075521 0.123992
3 0.965365 0.960181 0.069271 0.079637
1 0.502865 0.836190 0.147396 0.186492
7 0.053906 0.764617 0.028646 0.057460
7 0.144271 0.707157 0.052083 0.079637
7 0.185938 0.665323 0.031250 0.056452
7 0.176042 0.635585 0.035417 0.079637
6 0.045052 0.609879 0.039062 0.090726
6 0.134635 0.569556 0.052604 0.080645
5 0.020052 0.369456 0.039062 0.208669
5 0.059896 0.377520 0.017708 0.138105
5 0.144531 0.341734 0.016146 0.106855
5 0.177083 0.349294 0.021875 0.099798
