3 0.396875 0.763889 0.071875 0.144444
3 0.512500 0.683333 0.087500 0.144444
3 0.621875 0.748611 0.081250 0.130556
3 0.410156 0.555556 0.070312 0.122222
3 0.506250 0.598611 0.046875 0.047222
3 0.602344 0.559722 0.070312 0.102778
7 0.414844 0.833333 0.048438 0.044444
7 0.480469 0.870833 0.017188 0.030556
7 0.546094 0.870833 0.017188 0.025000
7 0.597656 0.834722 0.054688 0.047222
6 0.386719 0.669444 0.048438 0.044444
6 0.414062 0.713889 0.050000 0.044444
6 0.475781 0.747222 0.014063 0.033333
6 0.545312 0.740278 0.012500 0.030556
6 0.607812 0.711111 0.046875 0.044444
6 0.624219 0.665278 0.057813 0.041667
6 0.392188 0.622222 0.028125 0.066667
5 0.360938 0.495833 0.018750 0.091667
5 0.372656 0.451389 0.010937 0.086111
5 0.385156 0.522222 0.017188 0.083333
5 0.411719 0.434722 0.023438 0.080556
5 0.478906 0.426389 0.017188 0.097222
5 0.529687 0.430556 0.015625 0.116667
5 0.603125 0.429167 0.015625 0.091667
5 0.637500 0.448611 0.012500 0.075000
5 0.657813 0.487500 0.015625 0.075000
5 0.633594 0.523611 0.010937 0.086111
5 0.474219 0.548611 0.017188 0.113889
5 0.546094 0.559722 0.014063 0.113889
