3 0.764844 0.261111 0.051562 0.083333
3 0.885938 0.241667 0.059375 0.077778
3 0.991406 0.226389 0.017188 0.091667
3 0.739844 0.437500 0.032813 0.047222
3 0.750000 0.484722 0.028125 0.047222
3 0.838281 0.484722 0.026562 0.052778
3 0.275781 0.345833 0.117188 0.169444
3 0.247656 0.494444 0.092188 0.116667
4 0.199219 0.675000 0.064062 0.072222
4 0.294531 0.601389 0.076563 0.113889
4 0.379688 0.704167 0.084375 0.058333
4 0.399219 0.430556 0.045312 0.122222
4 0.280469 0.169444 0.057813 0.166667
4 0.321875 0.213889 0.028125 0.077778
4 0.451562 0.270833 0.025000 0.086111
4 0.493750 0.431944 0.037500 0.058333
4 0.550000 0.418056 0.068750 0.075000
4 0.473438 0.597222 0.056250 0.100000
4 0.517188 0.623611 0.028125 0.047222
4 0.543750 0.650000 0.037500 0.127778
7 0.245312 0.586111 0.059375 0.083333
7 0.396094 0.602778 0.020313 0.094444
7 0.516406 0.590278 0.054688 0.080556
6 0.242969 0.430556 0.067187 0.072222
6 0.303906 0.426389 0.057813 0.108333
6 0.469531 0.434722 0.029687 0.091667
5 0.207031 0.202778 0.017188 0.100000
5 0.221875 0.173611 0.021875 0.125000
5 0.404687 0.162500 0.018750 0.147222
5 0.486719 0.172222 0.017188 0.127778
5 0.546875 0.205556 0.012500 0.111111
