3 0.265625 0.831149 0.071875 0.148185
3 0.647135 0.732863 0.071354 0.110887
3 0.523958 0.702117 0.026042 0.101815
3 0.825260 0.476815 0.043229 0.064516
3 0.793750 0.457661 0.029167 0.044355
3 0.721354 0.460181 0.023958 0.047379
3 0.763021 0.420363 0.037500 0.058468
3 0.734635 0.410282 0.007812 0.042339
3 0.846875 0.414819 0.034375 0.051411
4 0.989844 0.905746 0.020313 0.045363
4 0.793229 0.504032 0.010417 0.020161
7 0.747656 0.505040 0.014063 0.032258
7 0.776042 0.512601 0.013542 0.027218
7 0.810156 0.514617 0.013021 0.029234
7 0.836458 0.511593 0.031250 0.041331
6 0.748177 0.443548 0.015104 0.034274
6 0.777344 0.451613 0.014063 0.036290
6 0.813021 0.449093 0.023958 0.031250
6 0.840365 0.444556 0.015104 0.018145
