3 0.275781 0.341667 0.107813 0.188889
3 0.246875 0.512500 0.090625 0.130556
3 0.752344 0.259722 0.048438 0.075000
3 0.874219 0.247222 0.073438 0.083333
3 0.984375 0.233333 0.031250 0.100000
3 0.720313 0.436111 0.025000 0.050000
3 0.735156 0.480556 0.026562 0.038889
3 0.821094 0.483333 0.026562 0.050000
4 0.198437 0.676389 0.059375 0.086111
4 0.386719 0.709722 0.092188 0.058333
4 0.302344 0.598611 0.073438 0.108333
4 0.480469 0.598611 0.051562 0.102778
4 0.518750 0.625000 0.031250 0.038889
4 0.551562 0.651389 0.037500 0.130556
4 0.553125 0.422222 0.071875 0.072222
4 0.496094 0.444444 0.039062 0.094444
4 0.408594 0.426389 0.048438 0.125000
4 0.317969 0.451389 0.023438 0.075000
4 0.285938 0.162500 0.046875 0.169444
4 0.320312 0.206944 0.021875 0.075000
4 0.451562 0.276389 0.025000 0.108333
7 0.389844 0.606944 0.389062 0.141667
7 0.771875 0.508333 0.121875 0.044444
6 0.375781 0.445833 0.348438 0.180556
6 0.776563 0.458333 0.121875 0.055556
5 0.385937 0.212500 0.368750 0.241667
5 0.773438 0.394444 0.134375 0.050000
