3 0.221875 0.244444 0.084375 0.144444
3 0.196094 0.425000 0.095312 0.150000
3 0.316406 0.276389 0.098437 0.175000
3 0.353125 0.397222 0.075000 0.105556
3 0.463281 0.248611 0.085938 0.125000
3 0.546094 0.523611 0.057813 0.091667
3 0.646875 0.412500 0.056250 0.097222
3 0.833594 0.479167 0.076563 0.125000
4 0.446094 0.529167 0.070312 0.102778
4 0.645312 0.505556 0.018750 0.083333
4 0.828125 0.583333 0.021875 0.094444
7 0.209375 0.520833 0.062500 0.063889
7 0.279687 0.531944 0.025000 0.069444
7 0.359375 0.543056 0.015625 0.069444
6 0.167187 0.333333 0.031250 0.050000
6 0.206250 0.354167 0.053125 0.075000
6 0.275000 0.365278 0.021875 0.086111
6 0.359375 0.370833 0.018750 0.097222
6 0.438281 0.356944 0.051562 0.080556
6 0.479687 0.345833 0.043750 0.075000
5 0.153906 0.091667 0.017188 0.105556
5 0.176563 0.094444 0.018750 0.111111
5 0.228906 0.101389 0.017188 0.097222
5 0.269531 0.097222 0.017188 0.116667
5 0.320312 0.108333 0.018750 0.094444
5 0.353906 0.095833 0.017188 0.119444
5 0.385156 0.111111 0.017188 0.094444
5 0.464062 0.102778 0.015625 0.116667
5 0.500000 0.100000 0.015625 0.100000
