3 0.848177 0.609722 0.094271 0.143519
3 0.876823 0.458796 0.098437 0.119444
3 0.982552 0.508796 0.034896 0.139815
3 0.975521 0.592593 0.048958 0.083333
4 0.434115 0.580093 0.028646 0.017593
4 0.586979 0.586111 0.032292 0.025926
4 0.615104 0.569907 0.026042 0.021296
0 0.500781 0.856019 0.153646 0.184259
7 0.869792 0.699537 0.060417 0.075000
7 0.956771 0.750926 0.020833 0.046296
6 0.833333 0.519444 0.029167 0.037037
6 0.880990 0.558796 0.059896 0.069444
6 0.970052 0.597222 0.022396 0.085185
5 0.836458 0.340278 0.015625 0.097222
5 0.849219 0.343519 0.011979 0.085185
5 0.865365 0.336111 0.020313 0.100000
5 0.890625 0.345833 0.011458 0.086111
5 0.978646 0.352778 0.008333 0.085185
5 0.992708 0.344907 0.014583 0.150926
