4 0.498437 0.530746 0.021875 0.027218
3 0.689844 0.581149 0.033854 0.061492
3 0.743490 0.424395 0.047396 0.082661
3 0.750521 0.496976 0.039583 0.070565
3 0.826042 0.427923 0.043750 0.085685
3 0.814323 0.529738 0.057813 0.099798
3 0.914583 0.442036 0.070833 0.107863
3 0.900781 0.514113 0.054688 0.076613
3 0.019271 0.493448 0.037500 0.073589
3 0.098177 0.427923 0.030729 0.063508
3 0.067969 0.423891 0.034896 0.051411
3 0.380729 0.504536 0.023958 0.039315
7 0.748698 0.555444 0.026562 0.042339
7 0.728906 0.536290 0.014063 0.022177
7 0.787500 0.566028 0.009375 0.031250
7 0.836979 0.590222 0.009375 0.049395
7 0.883594 0.588710 0.041146 0.036290
7 0.914062 0.576109 0.023958 0.027218
6 0.753125 0.474294 0.029167 0.041331
6 0.794010 0.481351 0.007812 0.039315
6 0.841146 0.487399 0.009375 0.035282
6 0.893490 0.489415 0.038021 0.039315
5 0.732292 0.347782 0.012500 0.054435
5 0.739583 0.352319 0.009375 0.055444
5 0.747656 0.347278 0.007812 0.055444
5 0.761719 0.351815 0.008854 0.052419
5 0.798438 0.351815 0.010417 0.074597
5 0.810677 0.348286 0.009896 0.049395
5 0.848958 0.354335 0.014583 0.081653
5 0.904948 0.346774 0.010937 0.048387
5 0.919271 0.345262 0.011458 0.065524
5 0.933594 0.343246 0.009896 0.049395
5 0.945312 0.341734 0.012500 0.058468
