3 0.616927 0.683972 0.055729 0.107863
3 0.569792 0.490423 0.022917 0.049395
3 0.820312 0.601310 0.186458 0.303427
3 0.752865 0.724294 0.076563 0.164315
3 0.943490 0.519153 0.113021 0.207661
3 0.737760 0.434980 0.026562 0.037298
3 0.737240 0.396169 0.022396 0.044355
3 0.777083 0.391633 0.020833 0.043347
3 0.811979 0.399698 0.012500 0.037298
3 0.805990 0.436492 0.019271 0.026210
4 0.598698 0.517137 0.018229 0.026210
4 0.617188 0.472278 0.014583 0.015121
4 0.645833 0.469254 0.014583 0.019153
7 0.754167 0.869456 0.093750 0.261089
7 0.923698 0.796875 0.127604 0.105847
6 0.847656 0.751008 0.133854 0.358871
5 0.865885 0.318548 0.265104 0.203629
7 0.744271 0.462198 0.046875 0.033266
6 0.738542 0.416835 0.026042 0.033266
1 0.500781 0.842742 0.143229 0.181452
