3 0.355990 0.584677 0.042188 0.080645
3 0.171615 0.552923 0.175521 0.234879
3 0.252083 0.921875 0.226042 0.156250
3 0.010937 0.818044 0.020833 0.134073
4 0.317969 0.597278 0.029687 0.015121
4 0.322656 0.616935 0.023438 0.030242
4 0.501823 0.755544 0.031771 0.095766
1 0.502344 0.835685 0.143229 0.183468
6 0.223958 0.937500 0.095833 0.125000
6 0.253125 0.795867 0.106250 0.156250
6 0.221354 0.705141 0.058333 0.154234
5 0.229427 0.269657 0.053646 0.311492
5 0.284375 0.291835 0.028125 0.188508
5 0.147135 0.320565 0.025521 0.165323
