3 0.776823 0.447581 0.057813 0.104839
3 0.815365 0.523690 0.055729 0.065524
3 0.851823 0.599798 0.085938 0.135081
3 0.936458 0.454637 0.067708 0.118952
3 0.985417 0.478327 0.029167 0.105847
3 0.994531 0.589718 0.010937 0.074597
3 0.484375 0.500504 0.021875 0.039315
3 0.149219 0.932964 0.122396 0.126008
3 0.221354 0.566532 0.037500 0.060484
3 0.133854 0.400706 0.036458 0.055444
3 0.162240 0.463710 0.035937 0.054435
3 0.170313 0.430948 0.026042 0.011089
3 0.217969 0.409778 0.036979 0.057460
3 0.244271 0.452117 0.023958 0.065524
4 0.077083 0.519657 0.026042 0.015121
4 0.216927 0.483871 0.009896 0.006048
4 0.498698 0.803931 0.022396 0.079637
3 0.179167 0.480343 0.015625 0.027218
1 0.502083 0.841230 0.142708 0.184476
7 0.189844 0.483871 0.139063 0.040323
6 0.185156 0.438004 0.142187 0.055444
7 0.877604 0.659274 0.241667 0.185484
6 0.882031 0.530746 0.235937 0.130040
5 0.879427 0.377016 0.241146 0.137097
