3 0.063542 0.820370 0.125000 0.359259
3 0.125000 0.745370 0.137500 0.212963
3 0.180990 0.618519 0.063021 0.077778
3 0.326302 0.540741 0.129688 0.222222
3 0.405469 0.573611 0.035937 0.075000
3 0.402083 0.890741 0.193750 0.198148
4 0.190365 0.683333 0.013021 0.042593
4 0.404167 0.637037 0.015625 0.053704
4 0.520573 0.783333 0.059896 0.055556
0 0.505990 0.831481 0.138021 0.196296
6 0.363021 0.912500 0.140625 0.175000
6 0.400260 0.754630 0.103646 0.138889
6 0.373437 0.650926 0.042708 0.100000
5 0.020052 0.300000 0.039062 0.559259
5 0.039062 0.317130 0.025000 0.134259
5 0.161458 0.322222 0.023958 0.125926
5 0.307031 0.322685 0.017188 0.117593
5 0.377604 0.314352 0.017708 0.130556
5 0.419271 0.275463 0.032292 0.263889
5 0.444010 0.300926 0.025521 0.175926
