3 0.234115 0.913810 0.100521 0.111895
3 0.565104 0.485383 0.033333 0.079637
3 0.670573 0.487903 0.040104 0.062500
3 0.597135 0.462702 0.023438 0.062500
3 0.627865 0.446069 0.027604 0.021169
3 0.437500 0.513105 0.022917 0.048387
3 0.798698 0.449093 0.020313 0.019153
3 0.883854 0.384073 0.015625 0.022177
3 0.903646 0.384577 0.018750 0.021169
3 0.963021 0.384577 0.022917 0.017137
4 0.211719 0.643649 0.018229 0.035282
4 0.270052 0.693044 0.021354 0.041331
4 0.497917 0.792843 0.020833 0.057460
4 0.392448 0.531250 0.018229 0.012097
4 0.407292 0.524698 0.015625 0.019153
4 0.539323 0.502520 0.022396 0.013105
1 0.502865 0.840726 0.142187 0.179435
7 0.610677 0.511089 0.125521 0.062500
6 0.611198 0.449093 0.135937 0.035282
5 0.615885 0.361391 0.149479 0.063508
7 0.910677 0.457157 0.099479 0.033266
