3 0.068229 0.623992 0.135417 0.334677
3 0.162240 0.641633 0.065104 0.154234
3 0.273438 0.482863 0.089583 0.155242
3 0.294271 0.725302 0.115625 0.204637
3 0.554167 0.456149 0.012500 0.021169
3 0.817448 0.490423 0.022396 0.041331
3 0.604948 0.431956 0.020313 0.037298
3 0.612500 0.391129 0.018750 0.030242
3 0.632552 0.399194 0.018229 0.042339
3 0.672917 0.396169 0.019792 0.036290
3 0.671094 0.440524 0.031771 0.040323
3 0.648698 0.427419 0.014063 0.044355
4 0.585417 0.468246 0.010417 0.033266
4 0.719792 0.535282 0.021875 0.020161
4 0.777344 0.486895 0.011979 0.020161
4 0.852604 0.512097 0.019792 0.024194
7 0.185417 0.855343 0.369792 0.289315
6 0.167969 0.613407 0.334896 0.236895
5 0.170052 0.346270 0.339062 0.216734
7 0.637760 0.453629 0.096354 0.040323
6 0.644271 0.413810 0.104167 0.039315
