7 0.472656 0.566532 0.045312 0.060484
7 0.518229 0.578629 0.021875 0.044355
7 0.566406 0.581653 0.025521 0.032258
7 0.603646 0.567036 0.036458 0.061492
6 0.464844 0.477319 0.030729 0.037298
6 0.485156 0.486895 0.020313 0.040323
6 0.518490 0.490927 0.017188 0.042339
6 0.565625 0.492440 0.022917 0.045363
6 0.612760 0.471774 0.026562 0.036290
5 0.452865 0.346270 0.013021 0.055444
5 0.479687 0.347782 0.012500 0.064516
5 0.510938 0.347782 0.010417 0.070565
5 0.552604 0.349798 0.007292 0.048387
5 0.579167 0.347782 0.011458 0.070565
5 0.608594 0.344758 0.007812 0.058468
5 0.624740 0.345262 0.008854 0.049395
5 0.616146 0.349294 0.009375 0.057460
