3 0.282292 0.622222 0.053125 0.088889
3 0.748698 0.481019 0.092188 0.167593
3 0.688021 0.556481 0.064583 0.120370
3 0.872135 0.552778 0.079687 0.107407
3 0.913281 0.641204 0.104688 0.160185
3 0.961719 0.467130 0.075521 0.162037
4 0.983333 0.640741 0.025000 0.077778
0 0.496615 0.828704 0.163021 0.240741
5 0.778125 0.335185 0.021875 0.094444
5 0.679167 0.340278 0.013542 0.075000
5 0.688802 0.343056 0.014063 0.062037
5 0.717187 0.331481 0.017708 0.079630
5 0.731771 0.343519 0.018750 0.062963
5 0.855990 0.340278 0.018229 0.076852
5 0.913021 0.330556 0.028125 0.111111
5 0.987760 0.330093 0.024479 0.121296
4 0.651042 0.537500 0.023958 0.032407
6 0.696094 0.515741 0.051562 0.074074
6 0.697135 0.493981 0.039062 0.058333
6 0.722917 0.541204 0.039583 0.078704
6 0.782031 0.555093 0.039062 0.076852
6 0.872656 0.568981 0.065104 0.071296
6 0.952344 0.565278 0.052604 0.052778
6 0.972135 0.547222 0.055729 0.064815
6 0.839323 0.500000 0.032813 0.072222
6 0.896354 0.513889 0.033333 0.077778
7 0.689844 0.624537 0.044271 0.075000
7 0.717187 0.660185 0.039583 0.068519
7 0.773958 0.694444 0.038542 0.064815
7 0.864062 0.714815 0.062500 0.055556
7 0.935937 0.714352 0.058333 0.047222
7 0.980729 0.673148 0.038542 0.042593
