3 0.228125 0.537500 0.178125 0.241667
3 0.396094 0.304167 0.204687 0.330556
3 0.668750 0.263889 0.140625 0.233333
3 0.681250 0.537500 0.206250 0.291667
3 0.509375 0.431944 0.103125 0.213889
7 0.246875 0.691667 0.118750 0.122222
7 0.342969 0.747222 0.057813 0.094444
7 0.496875 0.758333 0.034375 0.083333
7 0.640625 0.718056 0.103125 0.091667
6 0.231250 0.400000 0.106250 0.138889
6 0.335938 0.433333 0.065625 0.122222
6 0.495312 0.441667 0.037500 0.150000
6 0.660156 0.413889 0.101562 0.105556
6 0.722656 0.397222 0.054688 0.105556
