3 0.558849 0.529069 0.0506659 0.0969259
0 0.499728 0.832028 0.146134 0.190706
3 0.700333 0.65619 0.0342592 0.0861663
4 0.491648 0.783669 0.0238927 0.0940315
3 0.643491 0.434447 0.0542225 0.0971304
3 0.514408 0.425542 0.0424347 0.0901303
3 0.209599 0.624905 0.0454687 0.0774944
3 0.657748 0.506373 0.0388756 0.0738801
6 0.625849 0.487602 0.0215158 0.0453775
3 0.606041 0.417429 0.0324505 0.0770824
4 0.845279 0.564843 0.0202795 0.0265505
5 0.537804 0.339367 0.0107803 0.0552537
5 0.664627 0.342731 0.0120415 0.0591598
5 0.637941 0.340453 0.00995693 0.0621679
7 0.619211 0.57488 0.0253889 0.0385217
3 0.546003 0.474356 0.0324533 0.0484911
5 0.50757 0.343794 0.00812874 0.0497641
7 0.656894 0.557719 0.0310488 0.0462928
5 0.576349 0.342719 0.0122963 0.0610775
5 0.530012 0.342459 0.00804841 0.0496173
