3 0.502267 0.479224 0.0343361 0.065798
3 0.595911 0.474636 0.032951 0.0649829
3 0.116614 0.619656 0.0539925 0.080291
3 0.949803 0.888119 0.091647 0.067625
3 0.27934 0.928432 0.0975452 0.137252
3 0.529863 0.459853 0.0203463 0.0471997
4 0.0892533 0.688774 0.0301292 0.0340755
4 0.786326 0.559385 0.0217881 0.0210411
4 0.496015 0.79285 0.0277576 0.0767114
3 0.801654 0.475173 0.0273657 0.0354534
5 0.508489 0.345755 0.00801563 0.0363334
4 0.0890667 0.912433 0.0274201 0.0303697
5 0.570777 0.350723 0.00726852 0.0436682
5 0.604561 0.350095 0.00845089 0.0448427
5 0.585784 0.349264 0.00865898 0.0547659
5 0.482073 0.346249 0.00776806 0.0360859
3 0.794459 0.380559 0.014632 0.0228583
5 0.584415 0.350081 0.00999546 0.0468308
7 0.590889 0.512726 0.0226839 0.0311728
