3 0.646705 0.936357 0.114166 0.123559
3 0.728839 0.509425 0.023456 0.0408641
3 0.34904 0.493326 0.0384542 0.0765453
3 0.461503 0.499928 0.0399813 0.0789818
3 0.698968 0.559288 0.032073 0.0559001
3 0.390339 0.426869 0.0463419 0.0848421
3 0.636977 0.484183 0.0182812 0.0381975
0 0.501057 0.830933 0.146663 0.187115
3 0.909657 0.443935 0.0329319 0.0492074
3 0.93969 0.395727 0.0264677 0.0437699
3 0.861927 0.396226 0.0304115 0.046638
4 0.499694 0.796693 0.0205444 0.072773
3 0.832824 0.43277 0.0211597 0.0438959
3 0.474096 0.411877 0.0337317 0.0656597
3 0.4305 0.470957 0.0260563 0.0652366
5 0.369045 0.342813 0.00969009 0.046645
4 0.948479 0.871141 0.0334562 0.0800068
5 0.454139 0.34527 0.00938015 0.0426793
4 0.0282647 0.608099 0.0247948 0.0305362
5 0.403691 0.342361 0.00942163 0.0466634
5 0.481674 0.346561 0.0133832 0.0406765
5 0.357829 0.346029 0.00743888 0.0405322
7 0.354139 0.536005 0.0252301 0.0326848
5 0.337347 0.342899 0.010317 0.0478354
6 0.407344 0.469548 0.014149 0.0349296
6 0.349289 0.465907 0.0354463 0.042045
5 0.381745 0.346902 0.00732317 0.0386725
5 0.420355 0.349553 0.00682573 0.0372832
5 0.445982 0.347815 0.00668697 0.0390833
7 0.447894 0.544639 0.0189457 0.0333745
