3 0.247656 0.511111 0.085938 0.133333
3 0.270313 0.347222 0.109375 0.188889
3 0.765625 0.258333 0.050000 0.077778
3 0.885156 0.243056 0.060937 0.086111
3 0.992188 0.230556 0.015625 0.083333
3 0.738281 0.434722 0.029687 0.052778
3 0.750781 0.484722 0.032813 0.058333
3 0.840625 0.483333 0.034375 0.055556
4 0.196875 0.676389 0.062500 0.075000
4 0.295312 0.601389 0.075000 0.119444
4 0.377344 0.706944 0.092188 0.058333
4 0.478125 0.600000 0.056250 0.111111
4 0.545312 0.648611 0.040625 0.125000
4 0.518750 0.623611 0.031250 0.058333
4 0.400000 0.425000 0.046875 0.122222
4 0.494531 0.443056 0.035937 0.086111
4 0.550000 0.418056 0.071875 0.080556
4 0.320312 0.441667 0.028125 0.083333
4 0.283594 0.169444 0.051562 0.150000
4 0.321094 0.212500 0.026562 0.075000
4 0.455469 0.273611 0.029687 0.097222
