3 0.409375 0.363889 0.146875 0.266667
3 0.696875 0.334722 0.121875 0.225000
3 0.562500 0.498611 0.093750 0.169444
3 0.635156 0.605556 0.135937 0.233333
3 0.333594 0.547222 0.051562 0.200000
4 0.264062 0.531944 0.131250 0.136111
4 0.871094 0.863889 0.067187 0.200000
7 0.510156 0.695833 0.454688 0.286111
6 0.517188 0.409722 0.428125 0.230556
5 0.505469 0.168056 0.539062 0.280556
3 0.982812 0.347222 0.034375 0.061111
3 0.868750 0.243056 0.034375 0.075000
3 0.872656 0.313889 0.023438 0.061111
4 0.982812 0.397222 0.015625 0.044444
