3 0.054688 0.555444 0.108333 0.141129
3 0.565365 0.462702 0.017188 0.032258
3 0.965365 0.617440 0.069271 0.150202
3 0.782813 0.574093 0.036458 0.063508
3 0.793490 0.517641 0.028646 0.037298
3 0.696094 0.387601 0.018229 0.035282
3 0.702604 0.423387 0.022917 0.034274
3 0.736979 0.395665 0.025000 0.041331
3 0.753906 0.390121 0.017188 0.038306
3 0.760156 0.428931 0.022396 0.041331
4 0.635938 0.608367 0.023958 0.027218
4 0.629687 0.455141 0.010417 0.013105
4 0.667708 0.455141 0.015625 0.013105
4 0.497656 0.796875 0.022396 0.081653
7 0.726562 0.448085 0.082292 0.037298
6 0.729167 0.407762 0.085417 0.045363
