3 0.263802 0.484722 0.041146 0.076852
3 0.306510 0.433796 0.047396 0.049074
3 0.373958 0.481944 0.035417 0.063889
3 0.344792 0.463426 0.025000 0.058333
3 0.394271 0.471296 0.015625 0.042593
3 0.386979 0.429167 0.032292 0.030556
3 0.292448 0.472222 0.023438 0.037037
3 0.491406 0.473148 0.025521 0.035185
4 0.292969 0.509259 0.008854 0.044444
4 0.392708 0.513889 0.008333 0.027778
4 0.491667 0.506944 0.007292 0.032407
0 0.499219 0.847685 0.164062 0.193519
7 0.268750 0.514815 0.028125 0.027778
7 0.292969 0.524537 0.016146 0.026852
7 0.323177 0.523148 0.014063 0.029630
7 0.361458 0.516667 0.015625 0.035185
6 0.270313 0.450926 0.028125 0.031481
6 0.290104 0.458796 0.020833 0.037963
6 0.322917 0.456944 0.014583 0.034259
6 0.359635 0.452778 0.019271 0.040741
