3 0.278385 0.459259 0.039062 0.046296
3 0.290365 0.405093 0.024479 0.039815
3 0.315365 0.412037 0.033854 0.053704
3 0.340104 0.443981 0.019792 0.047222
3 0.375000 0.407407 0.035417 0.037037
3 0.369010 0.457407 0.033854 0.061111
3 0.454167 0.457407 0.019792 0.037037
4 0.281510 0.496296 0.007812 0.029630
4 0.454948 0.484722 0.007812 0.030556
0 0.500781 0.864815 0.171354 0.162963
7 0.286719 0.489352 0.019271 0.025000
7 0.307031 0.489815 0.007812 0.024074
7 0.360156 0.483796 0.010937 0.034259
6 0.286458 0.433796 0.019792 0.021296
6 0.306771 0.443056 0.007292 0.034259
6 0.357031 0.436111 0.018229 0.029630
