3 0.280729 0.481351 0.033333 0.065524
3 0.322135 0.432460 0.042188 0.046371
3 0.310937 0.471774 0.019792 0.040323
3 0.355990 0.459677 0.021354 0.048387
3 0.382812 0.481855 0.034375 0.066532
3 0.404167 0.475302 0.010417 0.051411
3 0.399479 0.424395 0.019792 0.022177
3 0.490365 0.471270 0.023438 0.039315
4 0.310417 0.506552 0.008333 0.039315
4 0.400781 0.513105 0.006771 0.028226
4 0.491927 0.508065 0.006771 0.026210
7 0.349219 0.511089 0.132812 0.060484
6 0.346094 0.457157 0.128646 0.063508
0 0.498698 0.832661 0.141146 0.183468
4 0.499479 0.810988 0.022917 0.095766
