3 0.221094 0.444444 0.160938 0.272222
3 0.285938 0.154167 0.062500 0.180556
3 0.413281 0.176389 0.204687 0.347222
3 0.510156 0.373611 0.095312 0.175000
3 0.692187 0.459722 0.175000 0.308333
3 0.673438 0.183333 0.125000 0.222222
3 0.572656 0.256944 0.029687 0.058333
3 0.528906 0.198611 0.029687 0.063889
3 0.582031 0.195833 0.023438 0.052778
7 0.247656 0.588889 0.110937 0.122222
7 0.343750 0.631944 0.046875 0.080556
7 0.498437 0.650000 0.028125 0.105556
7 0.650000 0.608333 0.103125 0.111111
6 0.236719 0.300000 0.123438 0.138889
6 0.335938 0.312500 0.056250 0.152778
6 0.499219 0.326389 0.029687 0.175000
6 0.656250 0.306944 0.112500 0.125000
6 0.728125 0.279167 0.078125 0.080556
