3 0.236719 0.729630 0.058854 0.109259
3 0.282292 0.544907 0.061458 0.099074
3 0.333073 0.458333 0.069271 0.122222
3 0.409375 0.504167 0.043750 0.075000
3 0.443750 0.556019 0.053125 0.100926
3 0.466146 0.433796 0.051042 0.095370
3 0.473698 0.515741 0.023438 0.042593
3 0.635156 0.536111 0.034896 0.051852
3 0.825521 0.634722 0.054167 0.089815
4 0.548958 0.535648 0.028125 0.030556
4 0.748958 0.591667 0.021875 0.031481
7 0.372917 0.599537 0.221875 0.097222
7 0.376042 0.487963 0.233333 0.087037
5 0.372396 0.363889 0.243750 0.118519
0 0.498437 0.850926 0.157292 0.181481
