3 0.050260 0.719254 0.099479 0.216734
3 0.016927 0.497984 0.032813 0.137097
3 0.308594 0.573589 0.026562 0.062500
3 0.369010 0.431452 0.018229 0.040323
3 0.375260 0.390625 0.018229 0.035282
3 0.392969 0.393145 0.017188 0.040323
3 0.408333 0.423387 0.018750 0.044355
3 0.430208 0.391129 0.017708 0.040323
3 0.426563 0.428931 0.018750 0.041331
4 0.154948 0.546371 0.022396 0.022177
4 0.509896 0.459677 0.015625 0.012097
4 0.498437 0.804435 0.020833 0.074597
0 0.500781 0.835685 0.141146 0.173387
7 0.027344 0.844758 0.053646 0.096774
6 0.016667 0.630040 0.032292 0.060484
6 0.050000 0.587702 0.036458 0.046371
6 0.017448 0.571573 0.033854 0.072581
5 0.042969 0.329133 0.025521 0.111895
5 0.009115 0.328125 0.017188 0.136089
