3 0.064323 0.671875 0.127604 0.182460
3 0.051562 0.455141 0.085417 0.119960
3 0.180469 0.565524 0.067187 0.100806
3 0.192188 0.467238 0.091667 0.134073
3 0.118490 0.572077 0.026562 0.059476
3 0.263021 0.574093 0.034375 0.055444
3 0.297135 0.564012 0.032813 0.057460
3 0.529687 0.566028 0.031250 0.057460
4 0.394531 0.573589 0.026562 0.018145
4 0.370833 0.714214 0.042708 0.033266
4 0.631510 0.749496 0.019271 0.057460
4 0.501302 0.798387 0.022396 0.072581
7 0.122396 0.716734 0.212500 0.223790
6 0.121094 0.578125 0.241146 0.134073
5 0.113802 0.391129 0.221354 0.191532
