3 0.191146 0.620968 0.045833 0.072581
3 0.838542 0.603327 0.055208 0.085685
3 0.319531 0.423891 0.015104 0.025202
3 0.322917 0.459677 0.017708 0.028226
3 0.366146 0.382560 0.014583 0.027218
3 0.368490 0.407762 0.016146 0.025202
3 0.384115 0.408770 0.011979 0.029234
3 0.392448 0.382560 0.013021 0.025202
3 0.405729 0.384073 0.012500 0.030242
3 0.410677 0.408266 0.016146 0.024194
3 0.440365 0.494456 0.022396 0.041331
3 0.458333 0.461190 0.032292 0.051411
3 0.476562 0.411290 0.030208 0.060484
3 0.533333 0.475302 0.041667 0.063508
3 0.558854 0.409778 0.030208 0.067540
3 0.531510 0.437500 0.028646 0.018145
4 0.834375 0.660786 0.020833 0.051411
4 0.498698 0.799395 0.021354 0.066532
7 0.508333 0.497984 0.128125 0.066532
7 0.389844 0.422883 0.059896 0.023185
6 0.506771 0.441532 0.125000 0.056452
6 0.387240 0.396673 0.059896 0.023185
5 0.509115 0.362903 0.133854 0.074597
