3 0.029948 0.583165 0.016146 0.057460
3 0.113802 0.605847 0.044271 0.072581
3 0.223438 0.508065 0.031250 0.046371
3 0.744792 0.529234 0.029167 0.050403
3 0.291667 0.416835 0.043750 0.065524
3 0.307552 0.470766 0.033854 0.050403
3 0.342448 0.488407 0.038021 0.067540
3 0.357812 0.410786 0.030208 0.055444
3 0.395833 0.413810 0.038542 0.069556
3 0.399740 0.466734 0.031771 0.056452
4 0.044531 0.583669 0.014063 0.022177
4 0.532292 0.514617 0.019792 0.019153
0 0.499740 0.833669 0.144271 0.183468
7 0.293750 0.514113 0.026042 0.030242
7 0.329427 0.530746 0.009896 0.037298
7 0.357812 0.523185 0.006250 0.032258
7 0.388802 0.513105 0.015104 0.024194
7 0.403125 0.501512 0.017708 0.035282
6 0.301823 0.456653 0.028646 0.030242
6 0.325781 0.455141 0.006771 0.023185
6 0.355990 0.452117 0.010937 0.033266
6 0.385417 0.448085 0.019792 0.033266
5 0.277865 0.351815 0.007812 0.048387
5 0.287760 0.346774 0.014063 0.038306
5 0.308594 0.351310 0.010937 0.033266
5 0.321354 0.353327 0.009375 0.051411
5 0.343750 0.358871 0.009375 0.052419
5 0.353385 0.353831 0.009896 0.048387
5 0.368490 0.355847 0.005729 0.044355
5 0.395833 0.351310 0.012500 0.045363
5 0.408594 0.351815 0.006771 0.044355
