3 0.430469 0.440524 0.018229 0.030242
3 0.723958 0.491935 0.022917 0.044355
3 0.503125 0.391129 0.017708 0.034274
3 0.512760 0.430444 0.022396 0.042339
3 0.544271 0.392137 0.018750 0.044355
3 0.563542 0.427419 0.015625 0.042339
3 0.548438 0.433468 0.015625 0.030242
3 0.524740 0.418851 0.009896 0.035282
4 0.499479 0.795867 0.022917 0.065524
4 0.431250 0.466230 0.010417 0.025202
3 0.978125 0.640625 0.043750 0.170363
3 0.979427 0.466734 0.041146 0.127016
7 0.534896 0.442036 0.083333 0.045363
6 0.531510 0.408266 0.080729 0.036290
