3 0.497917 0.738889 0.057292 0.103704
3 0.959115 0.598148 0.051562 0.074074
3 0.500000 0.559722 0.021875 0.060185
3 0.533854 0.552778 0.055208 0.105556
3 0.544531 0.440741 0.054688 0.094444
3 0.581771 0.551389 0.025000 0.054630
3 0.614323 0.529630 0.043229 0.051852
3 0.632812 0.460648 0.070833 0.126852
3 0.703125 0.437500 0.060417 0.097222
3 0.718229 0.563426 0.072917 0.115741
4 0.664844 0.541667 0.025521 0.016667
4 0.913281 0.601389 0.031771 0.036111
0 0.516146 0.762037 0.153125 0.288889
7 0.622135 0.608333 0.217188 0.098148
6 0.632812 0.495370 0.248958 0.111111
5 0.632292 0.367593 0.265625 0.135185
