3 0.224219 0.713206 0.060937 0.109879
3 0.353125 0.544859 0.027083 0.049395
3 0.366927 0.515121 0.024479 0.040323
3 0.720313 0.697077 0.056250 0.099798
3 0.959375 0.808468 0.081250 0.141129
3 0.473177 0.452621 0.026562 0.052419
3 0.465885 0.404234 0.028646 0.040323
3 0.495312 0.443548 0.020833 0.054435
3 0.516667 0.406754 0.026042 0.047379
3 0.536719 0.403730 0.013021 0.035282
3 0.511979 0.461190 0.016667 0.025202
3 0.545833 0.448085 0.025000 0.047379
4 0.458333 0.484879 0.016667 0.012097
4 0.609115 0.506552 0.007812 0.025202
4 0.497135 0.757056 0.028646 0.092742
1 0.497656 0.831149 0.142187 0.188508
7 0.507812 0.470262 0.111458 0.049395
6 0.502604 0.421371 0.110417 0.036290
