3 0.432812 0.545867 0.018750 0.049395
3 0.454427 0.461694 0.029687 0.046371
3 0.468490 0.409778 0.032813 0.057460
3 0.493750 0.406250 0.015625 0.060484
3 0.555729 0.407762 0.031250 0.057460
3 0.525000 0.479839 0.035417 0.070565
3 0.821615 0.594758 0.034896 0.074597
4 0.443229 0.929435 0.059375 0.038306
4 0.071354 0.647177 0.037500 0.042339
4 0.309635 0.512601 0.018229 0.015121
7 0.506771 0.497480 0.123958 0.057460
7 0.507031 0.439516 0.125521 0.048387
5 0.504687 0.361391 0.135417 0.057460
4 0.496875 0.797379 0.036458 0.092742
0 0.506250 0.835685 0.144792 0.183468
