3 0.248438 0.559980 0.035417 0.059476
3 0.359115 0.386593 0.017188 0.027218
3 0.371354 0.425403 0.019792 0.032258
3 0.382552 0.418347 0.008854 0.034274
3 0.399740 0.391129 0.017188 0.036290
3 0.530990 0.379536 0.011979 0.023185
3 0.540104 0.465222 0.015625 0.033266
3 0.951823 0.621472 0.055729 0.081653
3 0.652604 0.508065 0.045833 0.088710
3 0.661979 0.422883 0.046875 0.077621
3 0.727865 0.434980 0.056771 0.097782
3 0.719010 0.500000 0.038021 0.058468
3 0.793750 0.426915 0.050000 0.085685
3 0.806771 0.531250 0.055208 0.102823
4 0.232552 0.472278 0.015104 0.017137
4 0.265885 0.464718 0.017188 0.010081
4 0.458333 0.452117 0.013542 0.007056
4 0.616146 0.495968 0.020833 0.020161
4 0.255990 0.784778 0.020313 0.055444
7 0.726042 0.557964 0.205208 0.107863
6 0.730990 0.467742 0.198437 0.098790
5 0.740885 0.363407 0.214062 0.089718
7 0.385677 0.434980 0.070312 0.027218
6 0.387500 0.404738 0.085417 0.033266
