3 0.335938 0.457661 0.016667 0.024194
3 0.395052 0.910786 0.082812 0.176411
3 0.532031 0.627520 0.039062 0.069556
3 0.404948 0.436996 0.009896 0.025202
3 0.445573 0.382560 0.014063 0.033266
3 0.449740 0.414315 0.016146 0.028226
3 0.471615 0.386089 0.014063 0.030242
3 0.484635 0.383065 0.013021 0.024194
3 0.489583 0.412802 0.019792 0.025202
3 0.550000 0.480343 0.036458 0.067540
3 0.576302 0.422883 0.039062 0.077621
3 0.645052 0.502520 0.039062 0.077621
3 0.640104 0.456149 0.028125 0.035282
3 0.675260 0.418347 0.039062 0.076613
4 0.499740 0.797883 0.022396 0.067540
4 0.413281 0.508569 0.015104 0.015121
4 0.428906 0.441532 0.013021 0.014113
7 0.612760 0.520161 0.161979 0.062500
7 0.470052 0.429435 0.063021 0.020161
6 0.615104 0.451109 0.148958 0.065524
6 0.469531 0.399698 0.061979 0.031250
5 0.615104 0.370968 0.154167 0.096774
