3 0.147135 0.650202 0.056771 0.084677
3 0.315625 0.677419 0.054167 0.092742
3 0.441927 0.408770 0.030729 0.055444
3 0.455729 0.455141 0.030208 0.043347
3 0.480729 0.467742 0.027083 0.058468
3 0.496875 0.403730 0.028125 0.051411
3 0.529167 0.412802 0.031250 0.067540
3 0.535156 0.464718 0.026562 0.048387
4 0.296615 0.520665 0.023438 0.023185
4 0.396875 0.493952 0.015625 0.020161
4 0.501302 0.798387 0.025521 0.068548
1 0.502604 0.836190 0.150000 0.178427
7 0.491146 0.495968 0.126042 0.058468
6 0.488281 0.445060 0.134896 0.051411
5 0.491927 0.364919 0.131771 0.062500
