3 0.007552 0.488407 0.014063 0.047379
3 0.059375 0.413306 0.048958 0.056452
3 0.047917 0.463710 0.037500 0.050403
3 0.104948 0.407762 0.036979 0.047379
3 0.130729 0.465726 0.020833 0.062500
3 0.469271 0.598790 0.041667 0.074597
3 0.616146 0.692036 0.222917 0.420363
3 0.838802 0.866431 0.194271 0.255040
4 0.291667 0.496976 0.007292 0.026210
4 0.299740 0.502520 0.006771 0.015121
4 0.379948 0.535786 0.013021 0.021169
4 0.394271 0.542843 0.014583 0.023185
5 0.740104 0.301411 0.458333 0.364919
6 0.066927 0.442036 0.132812 0.055444
7 0.067448 0.497984 0.133854 0.074597
1 0.498958 0.833669 0.144792 0.183468
