3 0.405469 0.365278 0.142187 0.269444
3 0.334375 0.545833 0.056250 0.208333
3 0.557813 0.495833 0.096875 0.175000
3 0.635156 0.597222 0.145313 0.244444
3 0.691406 0.325000 0.107813 0.194444
3 0.868750 0.238889 0.037500 0.072222
3 0.871094 0.313889 0.020313 0.050000
3 0.983594 0.347222 0.032813 0.061111
4 0.984375 0.398611 0.015625 0.047222
4 0.271875 0.508333 0.128125 0.127778
4 0.875000 0.856944 0.075000 0.197222
7 0.521094 0.656944 0.448437 0.136111
6 0.518750 0.444444 0.512500 0.155556
5 0.512500 0.158333 0.562500 0.272222
