3 0.879687 0.438004 0.070833 0.107863
3 0.910677 0.528730 0.065104 0.087702
3 0.962760 0.585181 0.074479 0.132056
3 0.076042 0.542339 0.034375 0.054435
3 0.442969 0.686492 0.043229 0.088710
3 0.323437 0.499496 0.022917 0.039315
3 0.208854 0.407258 0.029167 0.038306
3 0.239844 0.457157 0.033854 0.057460
3 0.290885 0.404738 0.033854 0.043347
3 0.308594 0.448085 0.024479 0.045363
4 0.497396 0.794859 0.022917 0.075605
7 0.921354 0.613911 0.157292 0.143145
6 0.931510 0.501008 0.136979 0.102823
5 0.925521 0.358367 0.148958 0.136089
7 0.268229 0.474294 0.136458 0.039315
6 0.260156 0.427419 0.123438 0.048387
