3 0.313542 0.981351 0.087500 0.033266
3 0.324219 0.420363 0.046354 0.070565
3 0.344271 0.481855 0.033333 0.066532
3 0.376042 0.503528 0.037500 0.073589
3 0.398177 0.408770 0.033854 0.059476
3 0.440885 0.419355 0.039062 0.080645
3 0.447135 0.485383 0.030729 0.059476
3 0.451302 0.648185 0.042188 0.086694
4 0.585938 0.510081 0.008333 0.038306
4 0.597135 0.528730 0.009896 0.025202
4 0.499740 0.798387 0.024479 0.078629
7 0.390885 0.526210 0.159896 0.058468
6 0.388281 0.457661 0.153646 0.056452
5 0.380469 0.372480 0.174479 0.103831
