3 0.402865 0.438508 0.023438 0.044355
3 0.409896 0.392137 0.016667 0.028226
3 0.428125 0.400706 0.026042 0.045363
3 0.445833 0.436996 0.018750 0.047379
3 0.464323 0.442540 0.026562 0.052419
3 0.470573 0.395161 0.025521 0.040323
3 0.536458 0.448589 0.013542 0.030242
3 0.071615 0.580141 0.046354 0.065524
4 0.499219 0.802923 0.025521 0.073589
4 0.537500 0.474798 0.009375 0.028226
4 0.404687 0.469254 0.006250 0.029234
1 0.499219 0.839718 0.145313 0.187500
7 0.432552 0.450605 0.091146 0.030242
6 0.437500 0.412802 0.094792 0.035282
