3 0.798698 0.503704 0.051562 0.070370
3 0.804688 0.430093 0.061458 0.082407
3 0.878906 0.429630 0.057813 0.087037
3 0.897656 0.543981 0.075521 0.106481
3 0.966146 0.524074 0.064583 0.094444
3 0.982031 0.437963 0.035937 0.098148
3 0.612760 0.505093 0.031771 0.047222
3 0.700000 0.489815 0.028125 0.051852
3 0.498958 0.545833 0.031250 0.017593
4 0.501563 0.576852 0.010417 0.051852
4 0.697917 0.530556 0.012500 0.044444
0 0.494271 0.843981 0.156250 0.199074
7 0.881771 0.568981 0.234375 0.128704
6 0.884375 0.479630 0.231250 0.100000
5 0.886198 0.365741 0.227604 0.101852
