3 0.332552 0.598611 0.056771 0.091667
3 0.484375 0.543519 0.040625 0.064815
3 0.580208 0.510185 0.031250 0.064815
3 0.714583 0.540278 0.045833 0.097222
3 0.749219 0.458796 0.080729 0.117593
3 0.807292 0.435185 0.047917 0.101852
3 0.889844 0.617593 0.101562 0.148148
3 0.907031 0.533333 0.065104 0.064815
3 0.972135 0.477778 0.055729 0.140741
4 0.332813 0.674537 0.015625 0.069444
4 0.482552 0.601852 0.009896 0.055556
4 0.577083 0.553704 0.011458 0.044444
4 0.563021 0.600463 0.015625 0.030556
0 0.507292 0.852315 0.185417 0.191667
7 0.847135 0.639815 0.305729 0.138889
6 0.846615 0.520833 0.306771 0.143519
5 0.850521 0.368981 0.298958 0.162037
