3 0.475521 0.412298 0.014583 0.024194
3 0.479687 0.381552 0.010417 0.027218
3 0.494792 0.387601 0.012500 0.035282
3 0.520312 0.384577 0.012500 0.031250
3 0.503385 0.408266 0.010937 0.024194
3 0.517708 0.414315 0.012500 0.030242
3 0.453125 0.497984 0.018750 0.044355
3 0.286719 0.424395 0.045312 0.088710
3 0.324219 0.516129 0.047396 0.092742
3 0.324219 0.466734 0.035937 0.034274
3 0.397396 0.426915 0.046875 0.083669
3 0.379167 0.397177 0.019792 0.026210
3 0.422917 0.489415 0.041667 0.069556
3 0.373958 0.500504 0.019792 0.039315
4 0.501823 0.792339 0.031771 0.080645
4 0.753385 0.697077 0.028646 0.043347
4 0.578125 0.442036 0.008333 0.007056
7 0.500000 0.426411 0.059375 0.026210
6 0.498698 0.398690 0.064062 0.021169
7 0.363281 0.540827 0.173437 0.069556
6 0.356510 0.469254 0.184896 0.081653
5 0.358854 0.358367 0.200000 0.055444
0 0.501042 0.840222 0.146875 0.186492
