3 0.693750 0.437500 0.025000 0.047222
3 0.705469 0.481944 0.026562 0.052778
3 0.789062 0.486111 0.025000 0.050000
3 0.745313 0.436111 0.021875 0.061111
3 0.733594 0.263889 0.045312 0.077778
3 0.846094 0.250000 0.054688 0.088889
3 0.971094 0.237500 0.057813 0.097222
3 0.285938 0.340278 0.106250 0.186111
3 0.248438 0.505556 0.090625 0.150000
4 0.206250 0.681944 0.075000 0.080556
4 0.315625 0.604167 0.071875 0.113889
4 0.403125 0.711111 0.093750 0.066667
4 0.567187 0.652778 0.034375 0.133333
4 0.497656 0.598611 0.060937 0.102778
4 0.541406 0.655556 0.017188 0.055556
4 0.422656 0.429167 0.051562 0.130556
4 0.452344 0.272222 0.029687 0.105556
4 0.560156 0.415278 0.070312 0.080556
4 0.497656 0.444444 0.035937 0.088889
7 0.746094 0.504167 0.135937 0.036111
6 0.741406 0.458333 0.142187 0.055556
5 0.743750 0.391667 0.137500 0.044444
7 0.382031 0.579167 0.376563 0.191667
6 0.392969 0.412500 0.382812 0.191667
5 0.392188 0.190278 0.387500 0.230556
