3 0.200000 0.551915 0.033333 0.055444
3 0.378646 0.500504 0.015625 0.047379
3 0.370052 0.426915 0.043229 0.077621
3 0.406250 0.519657 0.047917 0.089718
3 0.406771 0.465222 0.033333 0.037298
3 0.454688 0.411290 0.016667 0.070565
3 0.482292 0.430444 0.046875 0.088710
3 0.504948 0.492440 0.039062 0.067540
4 0.225781 0.553931 0.018229 0.025202
4 0.557552 0.520161 0.018229 0.018145
4 0.718229 0.575101 0.026042 0.029234
0 0.500000 0.832157 0.137500 0.182460
7 0.440104 0.535786 0.158333 0.059476
6 0.439583 0.462198 0.182292 0.077621
5 0.436198 0.364415 0.180729 0.093750
