3 0.685677 0.460181 0.015104 0.031250
3 0.678646 0.454133 0.010417 0.025202
3 0.517188 0.414315 0.016667 0.032258
3 0.522656 0.384073 0.013021 0.030242
3 0.537240 0.388105 0.018229 0.030242
3 0.548177 0.413306 0.011979 0.034274
3 0.567187 0.385585 0.015625 0.029234
3 0.561198 0.415827 0.022396 0.029234
3 0.264583 0.435484 0.053125 0.090726
3 0.297396 0.547883 0.059375 0.105847
3 0.323958 0.492440 0.035417 0.055444
3 0.388542 0.443044 0.052083 0.105847
3 0.430729 0.508065 0.041667 0.078629
1 0.501823 0.832157 0.143229 0.192540
7 0.540625 0.429940 0.082292 0.033266
6 0.545052 0.399698 0.083854 0.037298
7 0.349479 0.565524 0.201042 0.072581
6 0.342969 0.482863 0.231771 0.088710
5 0.342708 0.379536 0.233333 0.148185
