3 0.195052 0.543347 0.034896 0.058468
3 0.669792 0.882560 0.090625 0.180444
3 0.938542 0.863911 0.104167 0.153226
3 0.340365 0.432460 0.051562 0.084677
3 0.386198 0.500000 0.039062 0.082661
3 0.463021 0.443044 0.050000 0.103831
3 0.491927 0.508065 0.044271 0.082661
4 0.620313 0.532258 0.017708 0.020161
4 0.691406 0.549395 0.022396 0.024194
4 0.895833 0.773690 0.028125 0.081653
0 0.498698 0.829133 0.144271 0.190524
7 0.411458 0.567540 0.173958 0.086694
6 0.414844 0.484879 0.202604 0.090726
5 0.416927 0.370968 0.196354 0.125000
