3 0.439583 0.464718 0.013542 0.030242
3 0.507812 0.397177 0.022917 0.044355
3 0.515365 0.440020 0.024479 0.041331
3 0.534375 0.434476 0.013542 0.050403
3 0.577865 0.440020 0.023438 0.043347
3 0.552604 0.397177 0.022917 0.046371
3 0.676823 0.480847 0.013021 0.038306
4 0.499219 0.800907 0.018229 0.067540
4 0.425000 0.473790 0.012500 0.010081
4 0.778385 0.538306 0.014063 0.022177
4 0.796875 0.547379 0.019792 0.020161
4 0.688802 0.491431 0.008854 0.015121
4 0.448698 0.471774 0.004687 0.014113
7 0.542188 0.465222 0.101042 0.039315
6 0.542188 0.420363 0.102083 0.040323
