3 0.765365 0.863407 0.095312 0.180444
3 0.144010 0.595262 0.091146 0.126008
3 0.171354 0.530242 0.054167 0.082661
3 0.209635 0.452621 0.069271 0.114919
3 0.202865 0.382560 0.023438 0.025202
3 0.174219 0.479839 0.014063 0.022177
3 0.051042 0.447077 0.062500 0.107863
3 0.009635 0.480847 0.018229 0.118952
4 0.090365 0.481351 0.016146 0.005040
4 0.259635 0.524194 0.025521 0.016129
4 0.858594 0.984375 0.031771 0.031250
7 0.123177 0.660786 0.236979 0.186492
6 0.117188 0.530746 0.233333 0.119960
5 0.111979 0.364919 0.222917 0.129032
