3 0.403439 0.542452 0.0543996 0.105211
3 0.235357 0.552439 0.0619355 0.106991
3 0.405431 0.430147 0.0489058 0.0950801
3 0.306816 0.456039 0.0655223 0.121338
3 0.390794 0.967819 0.0859594 0.0558691
3 0.352254 0.503787 0.0363242 0.0814841
3 0.259677 0.427968 0.0421383 0.0873793
4 0.506325 0.783786 0.0249973 0.0776903
6 0.239318 0.504427 0.0465683 0.0583314
7 0.250301 0.613515 0.0386241 0.0475978
7 0.288016 0.61932 0.022159 0.0457742
7 0.388961 0.601371 0.0299738 0.0460361
5 0.271978 0.338512 0.0110619 0.0715648
5 0.421545 0.342228 0.011022 0.0642369
5 0.238912 0.341756 0.0103228 0.0586581
5 0.397552 0.338546 0.0108821 0.0637344
5 0.214233 0.341493 0.0166918 0.0713742
7 0.283739 0.547308 0.0223321 0.0418595
5 0.361982 0.348441 0.00985308 0.0546428
5 0.326948 0.34586 0.0139455 0.0874762
6 0.387656 0.49812 0.0247312 0.0533148
