3 0.958399 0.532971 0.0662323 0.0927265
3 0.775335 0.5129 0.052355 0.0872829
3 0.773755 0.421703 0.0470589 0.0736506
3 0.875929 0.441095 0.0678738 0.103166
3 0.93478 0.423247 0.0565994 0.0918605
3 0.835071 0.493047 0.0420326 0.074731
3 0.565936 0.282928 0.0221296 0.0373333
3 0.521363 0.534962 0.0207849 0.0174494
4 0.365652 0.633025 0.0163246 0.0310667
3 0.45836 0.633934 0.0413324 0.0821443
3 0.256211 0.949054 0.0919774 0.100532
7 0.942954 0.584416 0.0353748 0.0346109
6 0.789815 0.478005 0.0216091 0.0386503
5 0.787812 0.345895 0.00921834 0.0507194
5 0.761497 0.345601 0.00912075 0.0493835
6 0.939296 0.499108 0.0322365 0.0407191
6 0.89831 0.493577 0.0242817 0.0506702
6 0.765124 0.465268 0.0224945 0.0309277
3 0.870771 0.519178 0.0271746 0.0466536
5 0.857129 0.342046 0.00985985 0.0473821
7 0.895091 0.587264 0.0146294 0.0346481
5 0.928773 0.347834 0.00832081 0.0429003
5 0.964518 0.345062 0.0099287 0.0519947
5 0.914028 0.344038 0.0112267 0.0520504
6 0.945345 0.492591 0.0379299 0.0375971
6 0.899212 0.484292 0.0239944 0.0508439
7 0.78868 0.564253 0.0297707 0.0399073
5 0.979883 0.344001 0.010828 0.0554879
5 0.861595 0.342428 0.00905647 0.0465552
5 0.994509 0.341153 0.00986748 0.0621038
