3 0.273704 0.604984 0.08517 0.142588
3 0.0943692 0.565337 0.0533033 0.0774063
3 0.395281 0.460171 0.0694114 0.126419
3 0.189716 0.462248 0.0787297 0.141217
3 0.414286 0.538405 0.0573402 0.0891101
4 0.0983987 0.627381 0.0204971 0.0537292
3 0.344711 0.433361 0.0525469 0.0955383
4 0.649896 0.591293 0.0267738 0.0244915
3 0.258623 0.512084 0.0508767 0.0765944
5 0.385128 0.338695 0.00976769 0.0596557
0 0.498444 0.753845 0.168658 0.381923
5 0.412882 0.341533 0.0092802 0.0552185
6 0.373684 0.527592 0.0328167 0.0569652
7 0.376579 0.645671 0.0355853 0.0531804
5 0.431646 0.342591 0.00934811 0.0576114
5 0.364606 0.342609 0.00826845 0.0475561
5 0.221656 0.333335 0.0166822 0.0792947
0 0.498636 0.843557 0.166796 0.202825
