0 0.289844 0.741667 0.220312 0.166667
3 0.493750 0.355556 0.050000 0.083333
3 0.386719 0.351389 0.042188 0.069444
3 0.347656 0.427778 0.029687 0.055556
4 0.355469 0.437500 0.010937 0.058333
3 0.412500 0.272222 0.053125 0.088889
3 0.539062 0.262500 0.040625 0.080556
3 0.442188 0.262500 0.025000 0.086111
3 0.193750 0.398611 0.034375 0.063889
7 0.432812 0.397222 0.021875 0.038889
7 0.474219 0.395833 0.014063 0.036111
7 0.508594 0.390278 0.010937 0.036111
7 0.531250 0.384722 0.025000 0.036111
6 0.472656 0.306944 0.014063 0.036111
6 0.512500 0.302778 0.012500 0.033333
6 0.535156 0.301389 0.023438 0.030556
6 0.429688 0.313889 0.018750 0.038889
6 0.393750 0.308333 0.025000 0.033333
7 0.401562 0.394444 0.025000 0.038889
