3 0.214062 0.795363 0.072917 0.131048
3 0.510417 0.510081 0.021875 0.040323
3 0.883854 0.754032 0.072917 0.114919
3 0.808073 0.438508 0.055729 0.092742
3 0.736719 0.535786 0.057813 0.093750
3 0.647656 0.496976 0.038021 0.064516
3 0.656250 0.430444 0.046875 0.090726
3 0.775521 0.502520 0.037500 0.077621
3 0.703906 0.419859 0.038021 0.069556
4 0.439063 0.559476 0.019792 0.018145
4 0.539062 0.516129 0.019792 0.010081
7 0.790365 0.577621 0.031771 0.028226
7 0.799219 0.566028 0.030729 0.029234
7 0.753906 0.586190 0.016146 0.033266
7 0.710677 0.580645 0.016146 0.040323
7 0.666927 0.568044 0.023438 0.043347
7 0.645312 0.543851 0.025000 0.049395
6 0.714063 0.491431 0.013542 0.049395
6 0.670573 0.480343 0.022396 0.045363
6 0.648438 0.476815 0.018750 0.028226
6 0.759635 0.488407 0.013021 0.029234
6 0.795052 0.487903 0.033854 0.042339
6 0.758073 0.462198 0.019271 0.035282
5 0.638281 0.346270 0.010937 0.047379
5 0.650260 0.346270 0.004687 0.035282
5 0.664062 0.342238 0.008333 0.043347
5 0.688281 0.350302 0.006771 0.039315
5 0.770833 0.348790 0.009375 0.068548
5 0.821875 0.342742 0.015625 0.050403
5 0.801302 0.349798 0.009896 0.042339
5 0.722135 0.349294 0.011979 0.059476
