3 0.40719 0.363267 0.149592 0.256418
4 0.256176 0.500657 0.123718 0.136875
6 0.462304 0.481474 0.0451699 0.0969098
6 0.670238 0.462712 0.0697752 0.101107
3 0.320564 0.550337 0.0726826 0.199664
7 0.462663 0.719624 0.0419842 0.0889899
3 0.696861 0.33622 0.121577 0.199928
7 0.671683 0.603161 0.0594206 0.087704
7 0.588411 0.715417 0.059513 0.0891841
3 0.563846 0.503354 0.0942936 0.176308
5 0.33219 0.0965146 0.0217747 0.141356
3 0.983525 0.345584 0.031135 0.0548694
5 0.445025 0.091249 0.0205048 0.148667
7 0.6681 0.688062 0.0648035 0.0862909
7 0.429301 0.572979 0.038446 0.0994954
3 0.87618 0.241925 0.01994 0.0699177
7 0.360735 0.702275 0.0519423 0.082942
5 0.258303 0.105432 0.0227698 0.122083
6 0.601257 0.485875 0.0922607 0.149096
3 0.873524 0.310815 0.0211308 0.0524877
5 0.744676 0.117166 0.0140139 0.109976
5 0.712545 0.109739 0.0182892 0.135572
7 0.316942 0.676176 0.0357517 0.0495963
5 0.625356 0.107351 0.0259693 0.157296
5 0.537116 0.132706 0.0154392 0.0975455
6 0.604216 0.402354 0.0250904 0.0869232
5 0.413636 0.129749 0.0144927 0.0956593
6 0.527022 0.391067 0.0241124 0.082412
7 0.365153 0.607962 0.0210449 0.0674587
6 0.355947 0.468266 0.0475861 0.084748
3 0.744943 0.242209 0.0380829 0.0566165
5 0.619432 0.120754 0.0182631 0.135997
4 0.982887 0.397526 0.0110123 0.0424333
