3 0.756566 0.845489 0.0793571 0.148082
3 0.590168 0.520825 0.0471909 0.0955522
3 0.675645 0.439851 0.0544164 0.0989738
3 0.911418 0.948718 0.12543 0.0968938
3 0.730936 0.518976 0.0534649 0.0894759
3 0.628402 0.486619 0.0344881 0.072359
3 0.909482 0.473354 0.0214178 0.0335376
6 0.721705 0.485841 0.0314829 0.0461714
4 0.0939018 0.794435 0.0284241 0.0647824
3 0.58013 0.419245 0.0421909 0.0780493
3 0.931813 0.434387 0.0258453 0.0430641
3 0.948979 0.39129 0.0229881 0.0428701
4 0.498209 0.797203 0.0213314 0.0686263
5 0.744378 0.34327 0.010788 0.0614241
7 0.603874 0.572904 0.0236513 0.0374299
6 0.602947 0.484897 0.0248583 0.0478881
3 0.98366 0.391656 0.0132278 0.0370051
7 0.718547 0.572094 0.0298792 0.0347454
3 0.993608 0.433221 0.012286 0.0468111
3 0.971317 0.391858 0.0209324 0.0375069
5 0.658952 0.343713 0.00949879 0.0608246
5 0.577997 0.344624 0.00980511 0.0457875
5 0.692495 0.343346 0.00824375 0.0447578
5 0.613702 0.345277 0.00766983 0.0504816
5 0.703334 0.338016 0.00923157 0.0550525
5 0.568358 0.343061 0.00830956 0.0457049
3 0.953933 0.391646 0.0277676 0.0496476
5 0.689479 0.344458 0.00806656 0.0512362
6 0.689952 0.492864 0.0236265 0.0424941
5 0.597656 0.342251 0.00880547 0.0503907
