3 0.383088 0.909101 0.0857026 0.172805
3 0.765655 0.437917 0.0586301 0.0982582
3 0.8627 0.542796 0.0656647 0.102142
3 0.470217 0.442079 0.0192643 0.0241446
3 0.703883 0.505249 0.0438093 0.0800208
3 0.518213 0.413294 0.0175089 0.0339767
3 0.80947 0.49704 0.0356915 0.0766449
6 0.712749 0.467619 0.0271294 0.0429822
3 0.885885 0.430577 0.060424 0.0920124
3 0.561095 0.412857 0.0155363 0.0295914
3 0.544306 0.382898 0.0174079 0.0304442
3 0.733859 0.41199 0.0340399 0.066645
3 0.404978 0.449275 0.0140413 0.0279365
5 0.912745 0.342184 0.0112495 0.0643307
5 0.704039 0.347904 0.0109112 0.0555325
7 0.834978 0.595496 0.0319656 0.0395729
5 0.745193 0.342961 0.0105433 0.0592354
5 0.789689 0.342978 0.0106634 0.0638769
6 0.743759 0.479056 0.0192427 0.0404275
5 0.866965 0.337966 0.0103043 0.0570868
6 0.84064 0.498084 0.0222862 0.0394199
5 0.841006 0.343907 0.00923843 0.0468522
3 0.512328 0.381306 0.015384 0.028258
4 0.312893 0.978512 0.0343504 0.0390465
6 0.785762 0.495537 0.0132444 0.0512195
5 0.892286 0.344615 0.00995331 0.0562315
7 0.710157 0.552855 0.0268508 0.041234
4 0.495071 0.790521 0.032428 0.0871527
7 0.780733 0.582496 0.0136075 0.0543367
4 0.366768 0.62406 0.0149681 0.0444618
5 0.889435 0.34365 0.00885353 0.057472
6 0.888352 0.482922 0.0328465 0.0369153
5 0.864446 0.338646 0.0101217 0.0603074
3 0.532295 0.41245 0.0149373 0.033466
5 0.839556 0.346185 0.00992661 0.0561676
5 0.910914 0.344076 0.0164406 0.0665932
4 0.44333 0.466679 0.0138191 0.0135989
5 0.907302 0.343351 0.0113199 0.0642392
