3 0.864206 0.569533 0.18144 0.261079
0 0.500401 0.759823 0.162974 0.360095
3 0.6612 0.675141 0.108819 0.189208
3 0.688757 0.470652 0.078614 0.141869
3 0.968915 0.50342 0.0621693 0.168833
3 0.315445 0.434044 0.0239382 0.0382211
3 0.381803 0.429888 0.0216962 0.0396768
5 0.963784 0.300723 0.0414555 0.177553
3 0.235653 0.485194 0.0174832 0.0320797
3 0.306651 0.39204 0.0210682 0.034708
3 0.354667 0.395381 0.0235342 0.0405607
5 0.661083 0.321892 0.016206 0.104061
5 0.801726 0.309286 0.0320957 0.148144
5 0.635914 0.325474 0.01406 0.0844291
4 0.0399271 0.62879 0.0402293 0.0261412
5 0.701896 0.335352 0.011396 0.0695104
4 0.480072 0.470706 0.0153925 0.0126399
5 0.866323 0.335463 0.0151306 0.0751933
5 0.994939 0.328982 0.00981522 0.0992523
6 0.683891 0.619287 0.0629219 0.092923
3 0.372258 0.391745 0.0155856 0.0347052
6 0.666825 0.542252 0.0317862 0.0636305
4 0.454257 0.469004 0.0161829 0.0127192
6 0.919823 0.7016 0.0509142 0.0834503
6 0.646784 0.564215 0.0386494 0.0543382
4 0.508233 0.487299 0.017049 0.0116226
