3 0.407192 0.36187 0.148938 0.256686
3 0.638458 0.602985 0.144771 0.239181
4 0.25214 0.501722 0.134078 0.139208
7 0.463299 0.719893 0.043434 0.0903801
6 0.463155 0.481208 0.0451217 0.0966136
6 0.597093 0.482746 0.10002 0.140905
3 0.320486 0.551112 0.0718862 0.197701
3 0.865921 0.242054 0.0414146 0.07448
7 0.590272 0.715409 0.0556929 0.0863005
3 0.983538 0.345363 0.0317812 0.0559971
3 0.697341 0.335292 0.120443 0.203403
5 0.332099 0.095502 0.0217336 0.141407
5 0.445081 0.0916966 0.0200253 0.149571
3 0.87064 0.311006 0.0283188 0.050097
5 0.74444 0.116095 0.0142609 0.1081
5 0.25832 0.106489 0.0238935 0.122037
5 0.712865 0.112598 0.0200073 0.140108
7 0.429668 0.572448 0.0390154 0.100294
3 0.565031 0.500358 0.0950277 0.172596
6 0.604714 0.397811 0.0249015 0.0791974
6 0.68745 0.448469 0.052849 0.0741062
7 0.361221 0.703512 0.0502563 0.0823388
5 0.625542 0.106507 0.0259243 0.15593
5 0.537201 0.132522 0.0151581 0.097081
6 0.527568 0.389639 0.0235879 0.0819127
3 0.74483 0.241983 0.038054 0.0564226
5 0.41343 0.129971 0.0149717 0.0970478
7 0.365398 0.606351 0.0214277 0.0717099
7 0.318958 0.676522 0.0360152 0.0525351
6 0.35588 0.470039 0.0488257 0.0893773
5 0.619211 0.128171 0.0178165 0.114546
4 0.982851 0.402515 0.0111956 0.034858
