3 0.904631 0.621616 0.190407 0.3129
3 0.614626 0.875691 0.16987 0.246579
3 0.476882 0.525979 0.108179 0.209644
6 0.488887 0.664405 0.0687323 0.108959
3 0.683641 0.48381 0.0794113 0.154386
7 0.490398 0.877527 0.0714829 0.108576
3 0.0104939 0.831056 0.0207985 0.134218
5 0.700924 0.27655 0.0319944 0.226157
5 0.454156 0.313615 0.0229556 0.13337
5 0.934422 0.274405 0.0646933 0.206065
3 0.549034 0.634723 0.076803 0.159533
3 0.659171 0.603349 0.0356703 0.0724649
5 0.840399 0.322328 0.0195944 0.107677
5 0.983122 0.287285 0.033757 0.168812
5 0.545891 0.293574 0.0260424 0.192442
5 0.513809 0.33157 0.0119328 0.0932927
5 0.565439 0.334108 0.0128601 0.0884078
5 0.657438 0.330096 0.0130074 0.0772808
7 0.489331 0.787122 0.0604111 0.0993855
6 0.555332 0.731566 0.0395649 0.0720766
5 0.725337 0.328965 0.0136122 0.0871968
6 0.850109 0.777979 0.128376 0.12827
7 0.858916 0.849586 0.0509274 0.0813424
