3 0.883325 0.328678 0.127327 0.206683
3 0.889449 0.501444 0.105976 0.15443
7 0.862844 0.605384 0.0625221 0.0928854
7 0.909628 0.630776 0.0660805 0.0999997
4 0.820356 0.693817 0.0616589 0.0858161
6 0.913048 0.431283 0.0670498 0.102393
7 0.928045 0.585538 0.0253849 0.0475323
5 0.880978 0.113907 0.0212116 0.133399
5 0.836794 0.129738 0.0212528 0.13098
5 0.898528 0.139984 0.0160431 0.0887899
6 0.923702 0.439124 0.0512577 0.0865874
5 0.849849 0.141095 0.0217896 0.112304
5 0.843985 0.138586 0.0213196 0.121614
7 0.994604 0.554699 0.0104458 0.100932
