3 0.963764 0.789361 0.0723999 0.132106
3 0.373861 0.533384 0.0529728 0.0952443
3 0.533468 0.536471 0.0524944 0.0987386
0 0.499724 0.851223 0.163155 0.1834
3 0.445256 0.447775 0.0606295 0.11022
3 0.534429 0.427378 0.0474989 0.0825525
3 0.769173 0.473659 0.0176556 0.0322944
3 0.397099 0.425617 0.0436981 0.0775599
3 0.947366 0.401267 0.0351793 0.0471712
3 0.993066 0.446446 0.013718 0.0459353
3 0.475188 0.497796 0.0289434 0.0734355
3 0.979625 0.440901 0.0209045 0.0450155
5 0.532956 0.340501 0.00953957 0.0552591
5 0.415464 0.338105 0.00979347 0.0557122
5 0.554378 0.342401 0.00830727 0.0502442
3 0.908205 0.442128 0.021579 0.0473893
6 0.518128 0.498917 0.0266308 0.0428018
5 0.466304 0.339836 0.00943975 0.0605717
5 0.363139 0.342677 0.00978746 0.0529584
6 0.375025 0.485261 0.0378197 0.0467868
5 0.487385 0.346472 0.00921478 0.050983
6 0.380099 0.495202 0.0398903 0.046718
5 0.403141 0.345778 0.00872879 0.0406327
4 0.232601 0.564131 0.0222742 0.0214447
5 0.355913 0.344115 0.00871919 0.0536781
6 0.371088 0.479366 0.0295592 0.0360928
6 0.546668 0.476573 0.0215149 0.0364576
6 0.387834 0.50012 0.0297481 0.0441411
5 0.453428 0.350283 0.00805435 0.0428801
4 0.200284 0.587876 0.03011 0.0234136
7 0.383242 0.587924 0.03079 0.0384028
5 0.465092 0.343321 0.00965214 0.0589235
