3 0.765053 0.532513 0.0605762 0.0989866
4 0.372783 0.801248 0.048367 0.0556628
3 0.712752 0.424678 0.0501511 0.091379
3 0.873692 0.442816 0.0684101 0.111015
3 0.714985 0.697644 0.0535465 0.101793
3 0.960997 0.390275 0.0257801 0.0383026
3 0.815024 0.422688 0.0475023 0.0804911
3 0.890548 0.527565 0.0503189 0.0949099
3 0.993049 0.546672 0.0135824 0.0550816
3 0.955624 0.429095 0.0273701 0.0392057
3 0.73791 0.488281 0.0416247 0.0667692
4 0.497188 0.794734 0.0259499 0.0715629
3 0.916414 0.390897 0.025955 0.0391456
5 0.872455 0.339543 0.0115196 0.0663869
5 0.794626 0.341831 0.0104347 0.0648441
6 0.846505 0.505342 0.0331835 0.0607692
5 0.706735 0.346425 0.0109897 0.0550539
5 0.84364 0.342593 0.00943451 0.0476491
7 0.839624 0.593177 0.03676 0.0439512
7 0.878168 0.581577 0.034951 0.0428463
7 0.87439 0.585412 0.0386253 0.0411742
5 0.895962 0.340462 0.00866394 0.0531271
5 0.911368 0.3395 0.0112688 0.0618669
7 0.710346 0.546342 0.027874 0.0481992
5 0.748172 0.345122 0.0132555 0.0601462
5 0.908977 0.3389 0.011463 0.0559885
5 0.918497 0.33919 0.0112671 0.0540601
