3 0.298945 0.426128 0.0484356 0.0862574
3 0.225226 0.539914 0.0576715 0.101404
3 0.770575 0.543618 0.027454 0.0535163
3 0.569778 0.596773 0.0355991 0.0726366
3 0.294109 0.494731 0.0415333 0.0725642
3 0.13123 0.438358 0.0689294 0.104184
3 0.224871 0.421346 0.041509 0.0815235
3 0.150213 0.510841 0.051371 0.0814015
4 0.072839 0.576013 0.0163203 0.0483218
3 0.482348 0.546012 0.0253035 0.0468103
7 0.159751 0.594251 0.0353234 0.0404999
6 0.149073 0.49593 0.0451895 0.0485014
5 0.312301 0.342971 0.00992956 0.0527562
5 0.188625 0.341011 0.0112312 0.0649228
5 0.239459 0.341605 0.00943155 0.0645357
5 0.120305 0.341737 0.0123193 0.0664521
4 0.642177 0.540496 0.0186857 0.0210003
5 0.285123 0.345133 0.00897608 0.0533648
5 0.284271 0.345196 0.00795231 0.0432936
5 0.296841 0.342862 0.00958433 0.0493368
7 0.293529 0.564755 0.0333779 0.0432731
7 0.133399 0.561014 0.0373426 0.0505166
5 0.146521 0.343478 0.00960762 0.0523385
5 0.102647 0.342412 0.0118155 0.062563
7 0.307243 0.542123 0.0194263 0.0314447
7 0.202644 0.59508 0.0125044 0.0373026
6 0.196438 0.498139 0.010915 0.050491
6 0.246911 0.487005 0.00990939 0.0409711
3 0.134586 0.558135 0.0337878 0.0422053
