3 0.271986 0.342553 0.109181 0.183626
3 0.249642 0.505971 0.0902754 0.143625
4 0.398567 0.427567 0.0452811 0.125216
4 0.283583 0.170476 0.053586 0.158397
4 0.548904 0.418456 0.0726928 0.0794768
4 0.295553 0.598878 0.0779416 0.12202
7 0.517762 0.582377 0.0539206 0.0799488
4 0.379249 0.706371 0.0848923 0.0604799
3 0.885964 0.238939 0.0572868 0.0822941
4 0.197575 0.672905 0.0621925 0.0800148
4 0.544859 0.646057 0.0411661 0.125438
7 0.24902 0.595489 0.0512818 0.0855335
4 0.455216 0.273046 0.0347227 0.10078
3 0.839114 0.484481 0.0266912 0.0464968
4 0.47649 0.599778 0.0530405 0.109847
3 0.765018 0.257674 0.0492802 0.0792536
6 0.302367 0.417496 0.0483335 0.0846193
3 0.993076 0.228752 0.0129456 0.0815247
3 0.750744 0.482666 0.0293641 0.0477856
5 0.221526 0.161356 0.0173773 0.0996965
6 0.442642 0.442797 0.0286234 0.0600692
3 0.738513 0.438509 0.0263748 0.0516526
4 0.321561 0.214122 0.0296228 0.094068
5 0.210386 0.211003 0.0274679 0.116238
5 0.207613 0.200352 0.0167191 0.0886927
5 0.504462 0.249941 0.00897808 0.0689766
5 0.485886 0.16755 0.0138264 0.116393
5 0.403717 0.155723 0.016337 0.136387
7 0.443342 0.555869 0.0230486 0.0669291
6 0.237885 0.429285 0.057487 0.0785697
4 0.522454 0.623506 0.0290459 0.0542419
5 0.372184 0.267309 0.0116148 0.0887994
5 0.547784 0.203139 0.0141866 0.103763
5 0.503747 0.260137 0.0137568 0.0909186
5 0.240986 0.208712 0.0135158 0.0643102
7 0.3945 0.606065 0.0241713 0.085655
6 0.46748 0.433813 0.0255417 0.0640269
5 0.37297 0.274247 0.0170326 0.104898
5 0.528712 0.229863 0.0563898 0.169277
5 0.788169 0.384901 0.0109735 0.0556866
5 0.221652 0.176117 0.023463 0.129751
5 0.538706 0.225628 0.0332865 0.152065
5 0.212108 0.216416 0.0454411 0.117198
5 0.501112 0.271446 0.0200439 0.119849
