3 0.794335 0.496976 0.0432906 0.0745488
3 0.668796 0.491565 0.0361977 0.0748044
3 0.336908 0.590648 0.034882 0.0638334
3 0.461584 0.572825 0.0241658 0.0600259
3 0.708432 0.469429 0.0274618 0.0481949
6 0.779781 0.467816 0.0256172 0.0333989
4 0.628565 0.508172 0.0172056 0.0168215
7 0.781677 0.5404 0.0287225 0.035142
6 0.752772 0.468887 0.023065 0.0368289
5 0.767809 0.344436 0.0108257 0.0472569
5 0.656233 0.347287 0.00924988 0.0399753
5 0.794935 0.345279 0.0086998 0.0412703
4 0.289057 0.849831 0.026527 0.0783802
7 0.751984 0.546751 0.0155708 0.0348607
5 0.677414 0.346548 0.0103034 0.0410897
6 0.776639 0.468833 0.0212076 0.038841
7 0.713817 0.533361 0.0121305 0.0481765
7 0.678679 0.531337 0.0220724 0.0324445
7 0.776244 0.543592 0.0242649 0.0343326
7 0.785463 0.537128 0.02313 0.0301306
