3 0.272368 0.346599 0.111064 0.183115
4 0.286178 0.168991 0.054112 0.162235
4 0.398544 0.427741 0.0453946 0.12515
4 0.378357 0.706252 0.0862905 0.0605243
4 0.549337 0.415961 0.0645844 0.0633766
4 0.298594 0.59699 0.0682483 0.112506
3 0.886768 0.236878 0.0557026 0.0805438
7 0.518499 0.58117 0.0516634 0.0790431
3 0.229665 0.509838 0.0507411 0.154283
4 0.476539 0.599902 0.052453 0.10876
4 0.197808 0.672199 0.0628076 0.0823669
4 0.455285 0.273383 0.034451 0.101848
3 0.838464 0.484772 0.0271095 0.046729
4 0.545225 0.64717 0.0403452 0.12575
6 0.300696 0.415067 0.0471694 0.0827509
3 0.993085 0.227374 0.01292 0.0815145
3 0.765053 0.258262 0.0489654 0.0761605
3 0.750893 0.481233 0.0289344 0.0477788
3 0.738791 0.436302 0.0269017 0.0467332
4 0.521808 0.625064 0.0286772 0.0509225
3 0.270354 0.508582 0.0473183 0.14259
4 0.497486 0.437216 0.0393391 0.0702884
4 0.322866 0.214193 0.0266099 0.0975253
5 0.504347 0.249632 0.00959492 0.0690531
6 0.442052 0.442641 0.0276073 0.0598016
5 0.404669 0.154451 0.0159907 0.134872
3 0.25068 0.509546 0.0870619 0.146326
5 0.485996 0.170697 0.0148975 0.123719
3 0.278305 0.509619 0.0303389 0.124248
7 0.442697 0.553571 0.0230755 0.0719378
5 0.240415 0.209352 0.013342 0.0616661
5 0.547865 0.204516 0.01446 0.106575
5 0.372148 0.266228 0.0122813 0.0899808
5 0.503832 0.260106 0.013843 0.0917271
6 0.465793 0.44459 0.0211521 0.0670244
7 0.393447 0.605678 0.0246117 0.0870779
5 0.222839 0.174809 0.0160481 0.10433
5 0.536408 0.227022 0.0388922 0.154522
5 0.528969 0.230001 0.0572332 0.167939
5 0.788744 0.380981 0.0103851 0.0483153
5 0.222366 0.17727 0.0202689 0.120473
