3 0.863113 0.576188 0.0815884 0.122572
3 0.919523 0.446402 0.0836143 0.109816
3 0.742718 0.444806 0.069735 0.11586
3 0.692313 0.521441 0.0472654 0.0914422
0 0.499679 0.760183 0.161349 0.359911
6 0.698782 0.479626 0.0298103 0.0542594
7 0.758971 0.617546 0.0260368 0.0473353
4 0.650178 0.534152 0.0198677 0.0186266
6 0.920821 0.503976 0.0388836 0.0418038
4 0.500513 0.531571 0.021259 0.0139545
5 0.917811 0.339042 0.0146641 0.07201
7 0.828987 0.629586 0.0329815 0.0387122
5 0.861985 0.337573 0.0124851 0.0645712
5 0.764146 0.342654 0.0125401 0.0671795
5 0.93781 0.341379 0.0105001 0.0572222
6 0.765535 0.507944 0.0259707 0.0553099
6 0.724241 0.502475 0.0218719 0.0506329
3 0.836971 0.507846 0.047543 0.0684168
5 0.71519 0.342656 0.00901521 0.0607431
5 0.951805 0.34049 0.0126442 0.0616978
5 0.879553 0.345323 0.00904465 0.0539561
5 0.730198 0.34804 0.00771402 0.0491942
7 0.703717 0.58592 0.0476812 0.0672529
6 0.898526 0.510213 0.0216484 0.0338932
6 0.833436 0.518314 0.039703 0.0599491
5 0.687734 0.34476 0.010729 0.0530753
5 0.690148 0.34573 0.0138475 0.0521862
7 0.912091 0.611945 0.0348656 0.0330291
7 0.881702 0.63372 0.0370798 0.0353395
