3 0.348925 0.441469 0.0555239 0.103724
3 0.177904 0.696938 0.0457607 0.0965931
3 0.255039 0.549113 0.0636042 0.110939
3 0.543368 0.413769 0.0170732 0.0332826
3 0.395428 0.512914 0.041739 0.0889223
3 0.223925 0.432822 0.0563429 0.0938822
1 0.499332 0.834768 0.14517 0.190517
3 0.497585 0.413928 0.0151939 0.0310572
3 0.517252 0.385099 0.0190611 0.0328215
3 0.284225 0.498149 0.04516 0.0762341
5 0.329535 0.341252 0.00924931 0.0667686
5 0.218286 0.339409 0.0113413 0.0627873
7 0.332572 0.593931 0.0189226 0.0463523
5 0.296137 0.347495 0.00858577 0.0470462
7 0.37142 0.57467 0.0240844 0.0524811
5 0.258146 0.342851 0.0142747 0.065882
5 0.372023 0.342567 0.00997591 0.0631459
7 0.278447 0.600858 0.0289818 0.0411849
4 0.864368 0.975885 0.0420883 0.0447196
6 0.225168 0.484378 0.0312495 0.0317553
3 0.529402 0.411913 0.0161046 0.0315216
5 0.202528 0.339607 0.01151 0.0537359
6 0.329132 0.497665 0.0186286 0.048381
6 0.301879 0.460394 0.013318 0.0400617
1 0.500986 0.724717 0.148522 0.416832
