3 0.728515 0.508557 0.117511 0.18856
3 0.614821 0.931301 0.118441 0.137399
3 0.933053 0.743634 0.133894 0.219659
3 0.496758 0.519458 0.0251534 0.0447657
3 0.865618 0.596472 0.088129 0.14145
3 0.966047 0.492497 0.0675533 0.209334
6 0.767369 0.617112 0.0425296 0.0856726
0 0.495925 0.753346 0.158671 0.380802
3 0.655281 0.598049 0.0829758 0.142958
5 0.952862 0.312021 0.0306438 0.129369
3 0.509611 0.424713 0.0210506 0.0367356
3 0.542041 0.389235 0.0206669 0.0373411
3 0.563386 0.423599 0.0166313 0.0316389
5 0.768031 0.320285 0.0176792 0.111181
3 0.505438 0.386059 0.0173012 0.0293596
5 0.639957 0.334963 0.0134474 0.0787704
3 0.530105 0.419616 0.0190329 0.0342872
5 0.920229 0.337753 0.0141174 0.0810916
7 0.76117 0.796828 0.0387235 0.0686489
5 0.848361 0.339099 0.0126638 0.0706568
6 0.899375 0.649409 0.0622976 0.0792003
4 0.325062 0.536596 0.0231091 0.0166776
5 0.701534 0.338806 0.0110903 0.0638839
5 0.683399 0.325415 0.0141546 0.0996424
4 0.644071 0.467608 0.0154781 0.015259
7 0.666741 0.711756 0.0749914 0.121432
6 0.658556 0.522212 0.0331301 0.0494368
6 0.749718 0.63116 0.0206495 0.0686787
6 0.659351 0.562491 0.0451166 0.0774029
3 0.56124 0.385747 0.01605 0.0336205
5 0.764984 0.326843 0.0246395 0.12112
5 0.752262 0.342579 0.0132204 0.0683455
