3 0.0330646 0.468042 0.0661292 0.147921
3 0.201947 0.436244 0.0567267 0.0940598
3 0.363508 0.504235 0.028477 0.0502469
3 0.222977 0.514968 0.0360118 0.0548245
3 0.172989 0.561906 0.0701444 0.110308
3 0.137093 0.513558 0.0574444 0.0828059
4 0.300516 0.578654 0.0239655 0.0216348
4 0.364604 0.547631 0.0126158 0.0411735
7 0.00809025 0.61319 0.0158607 0.0469621
7 0.0123382 0.66211 0.0245884 0.0367527
7 0.0723893 0.651501 0.0341602 0.0398293
0 0.497616 0.756066 0.167037 0.387117
7 0.0514236 0.583934 0.0270369 0.0477051
6 0.00780077 0.548083 0.0154489 0.0455363
5 0.0340928 0.335308 0.0157536 0.078578
7 0.149796 0.628777 0.030355 0.0507514
