3 0.778571 0.545999 0.058667 0.107824
3 0.270332 0.72273 0.0586494 0.110358
3 0.555386 0.502698 0.020853 0.0424454
3 0.710844 0.454707 0.0644352 0.116522
3 0.609618 0.424925 0.0468351 0.0886073
3 0.266326 0.392037 0.023111 0.042004
3 0.75038 0.423623 0.045511 0.0810896
3 0.660827 0.501124 0.0356365 0.085197
3 0.289522 0.427348 0.0174008 0.0366467
4 0.126769 0.485304 0.0184998 0.0128693
3 0.210896 0.391634 0.0249445 0.0385263
6 0.771843 0.506936 0.0406094 0.0439364
3 0.229704 0.43235 0.024498 0.0429799
5 0.688592 0.34658 0.0129507 0.0808852
6 0.60405 0.482576 0.0275585 0.0586916
3 0.226067 0.430589 0.0222752 0.0385465
5 0.79981 0.341437 0.0151814 0.0702466
5 0.595677 0.343139 0.0101015 0.0583899
7 0.601202 0.56279 0.0277155 0.0503038
7 0.630689 0.59791 0.0293791 0.0486889
5 0.744233 0.336611 0.012436 0.0655527
7 0.60334 0.578116 0.0303808 0.0449389
5 0.621462 0.338194 0.0104422 0.0600998
6 0.629429 0.497392 0.0284416 0.0539897
3 0.239473 0.426255 0.0196828 0.0410686
6 0.775101 0.50119 0.0435948 0.0514299
7 0.67699 0.611998 0.0184797 0.0422342
5 0.610953 0.341272 0.0100618 0.0618926
7 0.674132 0.609053 0.0191568 0.0476714
3 0.220325 0.428033 0.0200747 0.0356858
7 0.726635 0.617386 0.0195505 0.0425135
