3 0.088655 0.556017 0.0754475 0.113734
0 0.499616 0.751405 0.163582 0.384628
3 0.451944 0.517265 0.0247908 0.043562
3 0.316807 0.576871 0.035345 0.0627482
3 0.0398335 0.438316 0.0771271 0.11008
3 0.611003 0.299289 0.0170349 0.0332733
3 0.390802 0.420335 0.0217597 0.0320279
3 0.336056 0.420652 0.0180059 0.0311417
3 0.358083 0.386629 0.0190899 0.0310494
6 0.0100927 0.538991 0.0200864 0.0787565
3 0.398256 0.386379 0.0163084 0.0269068
3 0.325374 0.467094 0.0160309 0.0311271
4 0.441331 0.448998 0.0121649 0.0128509
3 0.387203 0.417647 0.0235942 0.0328632
6 0.0115968 0.528091 0.0221368 0.0894765
3 0.282033 0.478685 0.0204708 0.0276692
7 0.0209685 0.656549 0.0170611 0.0485712
5 0.0661431 0.344426 0.0112069 0.0584106
5 0.0789932 0.34173 0.0122488 0.0673143
