3 0.0729051 0.642457 0.112227 0.161788
3 0.223582 0.467333 0.081888 0.135954
3 0.27106 0.549026 0.0581905 0.105185
3 0.530964 0.553184 0.0264541 0.0556962
6 0.19656 0.546774 0.0350891 0.0726739
4 0.506634 0.782359 0.0227715 0.089713
4 0.342303 0.540288 0.0208018 0.0163014
3 0.0963953 0.544911 0.0614467 0.0881899
3 0.0246171 0.471796 0.048581 0.152001
6 0.110829 0.565388 0.0422233 0.0578349
7 0.205461 0.675337 0.0297554 0.0549222
4 0.577082 0.59468 0.0244955 0.026001
5 0.278375 0.343054 0.0122127 0.0711877
6 0.249707 0.52519 0.0424165 0.0582082
5 0.200315 0.335823 0.0155777 0.0922415
5 0.253047 0.338506 0.0149448 0.0772325
4 0.158895 0.58302 0.0259429 0.0245437
5 0.0907465 0.350048 0.0538595 0.138063
5 0.222932 0.345187 0.0105217 0.0648309
7 0.120718 0.70728 0.0364342 0.0396617
5 0.177824 0.342039 0.0116912 0.0585862
5 0.0845761 0.355324 0.0383521 0.156606
5 0.270564 0.342828 0.0118721 0.0680352
