3 0.340949 0.333549 0.117961 0.203878
3 0.249759 0.513223 0.101405 0.164745
4 0.382259 0.613272 0.0559599 0.120071
4 0.483624 0.722214 0.0803423 0.0750841
4 0.3763 0.132943 0.0477012 0.171858
4 0.232849 0.707987 0.0891169 0.078755
3 0.736819 0.268154 0.046257 0.0664396
3 0.635145 0.275895 0.0433619 0.0670372
7 0.253721 0.598517 0.06127 0.0870215
7 0.304051 0.612742 0.0412931 0.0882256
3 0.840722 0.26264 0.0504669 0.0757416
6 0.385325 0.421115 0.0386545 0.104711
4 0.492859 0.426338 0.0678785 0.125884
6 0.536414 0.436932 0.0450909 0.0790875
7 0.483755 0.609684 0.0464346 0.0761247
6 0.426736 0.442299 0.020682 0.0692056
4 0.606594 0.648756 0.0385321 0.123545
4 0.431415 0.262584 0.0248796 0.10212
3 0.64103 0.481805 0.0216425 0.0421656
4 0.558548 0.655642 0.0392007 0.0479999
6 0.297851 0.425668 0.0507163 0.104587
5 0.568359 0.15628 0.0130703 0.0984186
7 0.486293 0.561043 0.0157545 0.0594394
5 0.508888 0.130795 0.0147807 0.122504
4 0.550919 0.600076 0.0698909 0.105879
5 0.221901 0.169592 0.0274867 0.13616
5 0.21892 0.161022 0.0188888 0.119323
7 0.538425 0.565077 0.0398007 0.0707137
6 0.540662 0.428225 0.0525119 0.0948919
5 0.282672 0.110117 0.015621 0.108036
7 0.550866 0.597972 0.0693439 0.108634
6 0.263141 0.427947 0.0394481 0.0835241
4 0.59156 0.416536 0.0546543 0.0652184
