3 0.911957 0.42525 0.0582008 0.0780733
3 0.865417 0.518506 0.0611954 0.0926251
3 0.775736 0.426399 0.0527889 0.084731
3 0.501054 0.623026 0.0416667 0.0715154
3 0.520983 0.515708 0.0309163 0.0527395
3 0.733431 0.487441 0.0390003 0.0674367
3 0.850162 0.474408 0.0331646 0.0453484
3 0.575289 0.486141 0.0241512 0.0400807
4 0.446166 0.57992 0.019683 0.0241869
5 0.863128 0.344319 0.0103561 0.052492
7 0.789622 0.553744 0.018331 0.0286018
4 0.575468 0.524528 0.0146917 0.03853
5 0.905697 0.345165 0.00948219 0.0478106
5 0.93477 0.345489 0.0105659 0.0520479
5 0.763371 0.34963 0.0094347 0.045727
6 0.791299 0.471101 0.0196632 0.0388959
6 0.909701 0.46829 0.0274895 0.0289217
5 0.883031 0.348595 0.00887528 0.0436123
7 0.841328 0.560318 0.0242195 0.0303372
6 0.73975 0.452359 0.0260887 0.0385468
5 0.846825 0.349797 0.0085413 0.040186
4 0.521307 0.562459 0.0112848 0.0411287
5 0.734164 0.35036 0.0107986 0.0474869
