0 0.500582 0.832668 0.144332 0.183112
3 0.802857 0.944411 0.202241 0.107121
4 0.132527 0.850758 0.0658564 0.0828076
5 0.837005 0.269936 0.0411999 0.222888
5 0.787781 0.248227 0.0515451 0.299919
3 0.438826 0.561244 0.0304523 0.0567472
3 0.697155 0.395693 0.0247555 0.0436897
3 0.545957 0.636634 0.0345665 0.0805904
3 0.657805 0.39232 0.0232315 0.0376994
3 0.657097 0.436936 0.0242456 0.0435158
6 0.874555 0.874503 0.153272 0.230731
4 0.592516 0.463672 0.0140177 0.012005
3 0.6887 0.431698 0.0188198 0.0412703
6 0.78061 0.947023 0.0666531 0.0964383
3 0.723028 0.394601 0.0201177 0.0412015
4 0.553956 0.467557 0.0174065 0.0145766
3 0.986758 0.567346 0.0258944 0.0504346
