3 0.771559 0.534182 0.0548698 0.10231
3 0.699751 0.445955 0.0580259 0.106957
3 0.54179 0.489557 0.0229364 0.0439748
3 0.751191 0.42568 0.048102 0.0878529
3 0.61308 0.522973 0.0475388 0.0927525
3 0.615676 0.4235 0.0430933 0.0789887
4 0.507873 0.775106 0.0195473 0.087951
3 0.665303 0.499367 0.0448156 0.0728051
4 0.542174 0.530398 0.00880051 0.0360428
7 0.757109 0.59171 0.0340519 0.0382567
6 0.723543 0.493428 0.0232233 0.0655709
5 0.619191 0.341669 0.00799662 0.0582335
1 0.500144 0.834335 0.144697 0.190819
6 0.756428 0.500532 0.0304504 0.0423113
5 0.730258 0.336088 0.00976601 0.0592361
6 0.605055 0.46096 0.0236149 0.0349982
6 0.627889 0.479229 0.0193861 0.0490263
6 0.762042 0.49218 0.0278625 0.0405377
5 0.679901 0.341061 0.00898609 0.0635835
7 0.626278 0.576579 0.0275914 0.0419879
7 0.718493 0.604853 0.0124954 0.0410333
5 0.786761 0.34199 0.0105158 0.0649841
5 0.694497 0.350348 0.00661894 0.0464231
5 0.795569 0.342747 0.00995216 0.0596978
3 0.540527 0.503506 0.0184528 0.0369145
1 0.500379 0.726883 0.144292 0.413428
