3 0.706504 0.498145 0.0450513 0.0761651
3 0.817866 0.492448 0.0439484 0.069632
3 0.792303 0.426841 0.0527989 0.0800139
3 0.670643 0.415598 0.0375544 0.0647966
3 0.879184 0.420567 0.0211926 0.0342099
3 0.884869 0.387733 0.0230906 0.0335195
3 0.909516 0.38857 0.0248718 0.0330473
3 0.951089 0.424975 0.0229157 0.0369169
3 0.96116 0.388702 0.0179359 0.0289905
3 0.923211 0.419329 0.0187889 0.0346457
3 0.76493 0.409499 0.029609 0.0547607
5 0.787458 0.349161 0.00856457 0.0535236
6 0.67104 0.451469 0.0285465 0.0371812
5 0.820523 0.348014 0.00939865 0.0485792
5 0.836306 0.348647 0.00991478 0.0519591
6 0.768958 0.473698 0.022369 0.0384308
5 0.758351 0.351386 0.00757256 0.0381616
5 0.689468 0.347615 0.00721251 0.0477468
5 0.759867 0.351145 0.0084734 0.0438755
7 0.768142 0.542355 0.026 0.0365035
7 0.671157 0.514566 0.0265936 0.0372448
6 0.812523 0.456768 0.0280476 0.0374671
6 0.808771 0.466714 0.0293713 0.0276626
7 0.797237 0.542216 0.0257101 0.0309897
7 0.802779 0.537495 0.0315567 0.0297818
5 0.71338 0.348805 0.00712128 0.0447491
6 0.717462 0.451633 0.0243309 0.0374654
5 0.690842 0.347939 0.0089105 0.0454144
6 0.804191 0.464519 0.0303932 0.0318288
7 0.829814 0.52901 0.0205666 0.027544
