3 0.67208 0.936324 0.0981688 0.121194
3 0.678276 0.510533 0.0450064 0.0887648
3 0.55 0.516615 0.0464062 0.0932352
3 0.941268 0.436818 0.0294292 0.0435846
3 0.9592 0.391387 0.0208153 0.0390255
3 0.628784 0.436713 0.0518934 0.0969611
4 0.0190762 0.845661 0.0345639 0.0782872
3 0.539187 0.419128 0.0409691 0.0769
3 0.585231 0.481235 0.0300877 0.0673655
3 0.861071 0.427316 0.0211531 0.0408654
3 0.874386 0.388315 0.017185 0.0367455
1 0.497669 0.832985 0.144922 0.19417
5 0.55532 0.341212 0.00842495 0.0512197
3 0.655111 0.410191 0.0341359 0.0630428
3 0.892156 0.390089 0.0227135 0.0376046
6 0.675341 0.468168 0.0276206 0.0393285
7 0.641565 0.570008 0.0195602 0.0381297
6 0.533364 0.457026 0.0168231 0.0273745
5 0.691712 0.344452 0.00975342 0.0545028
3 0.888287 0.389628 0.0165245 0.0442052
5 0.645445 0.344447 0.00730209 0.0437455
3 0.878585 0.389381 0.0273418 0.0377941
5 0.537131 0.343458 0.00901057 0.0489886
7 0.669362 0.563757 0.027798 0.0342378
5 0.613918 0.345046 0.00840511 0.0610088
3 0.90065 0.389535 0.021056 0.0366362
6 0.607973 0.479325 0.0116737 0.0417061
5 0.654478 0.339645 0.00832844 0.054785
3 0.91517 0.426106 0.0207417 0.0393996
7 0.562703 0.567036 0.0239294 0.0396994
5 0.532567 0.342596 0.0103544 0.0446979
3 0.951977 0.389703 0.0267208 0.040954
5 0.572084 0.349171 0.00799751 0.0405264
