4 0.175332 0.827667 0.0584939 0.0657603
3 0.323688 0.927904 0.0969943 0.141565
3 0.188176 0.609407 0.0530179 0.0915513
3 0.941027 0.901794 0.0905384 0.137233
3 0.590909 0.407697 0.0322756 0.0584609
3 0.510393 0.413438 0.036105 0.071217
3 0.761473 0.533875 0.0309475 0.0517436
4 0.192013 0.682422 0.0196034 0.0640594
3 0.362123 0.51172 0.0229574 0.0432739
3 0.569292 0.481939 0.0361242 0.071407
3 0.480856 0.470697 0.0286697 0.0588943
3 0.555008 0.454003 0.0258682 0.0434312
4 0.498836 0.79684 0.0205907 0.0694291
5 0.494401 0.347891 0.00746164 0.0420637
5 0.568588 0.347154 0.00794214 0.0377594
5 0.518344 0.346858 0.0102219 0.0381556
4 0.305924 0.544881 0.0234765 0.0229781
5 0.586947 0.345033 0.00817731 0.0430169
