3 0.251053 0.54081 0.0586548 0.105261
3 0.584905 0.548681 0.0288296 0.0531325
3 0.0734398 0.438436 0.0552228 0.0987354
3 0.136815 0.459325 0.0767234 0.126159
3 0.0441197 0.571282 0.0811796 0.119786
3 0.251548 0.428056 0.0520004 0.0928883
3 0.731304 0.469771 0.0176828 0.0340781
4 0.119544 0.849745 0.0657055 0.0600449
3 0.187714 0.511979 0.047607 0.0879491
3 0.432504 0.473667 0.0163705 0.0345199
4 0.4951 0.791244 0.0229315 0.0774647
3 0.507542 0.453249 0.0143628 0.0288809
3 0.584148 0.389194 0.0195113 0.0371274
3 0.565872 0.420805 0.0181498 0.033813
5 0.157273 0.341541 0.0143961 0.07884
3 0.625699 0.387068 0.0186906 0.0343915
0 0.499833 0.835085 0.145667 0.185995
3 0.615068 0.421692 0.0250191 0.0368093
5 0.235777 0.340653 0.0112605 0.0660092
5 0.265121 0.341751 0.0111308 0.0621283
0 0.500309 0.726534 0.147921 0.421306
5 0.0885332 0.336731 0.0172006 0.0799306
6 0.108196 0.520651 0.0284882 0.071919
5 0.0426426 0.3431 0.0140283 0.0696296
6 0.231677 0.503729 0.0310189 0.0562643
7 0.0679603 0.636478 0.0509108 0.0436617
5 0.0124857 0.337277 0.0219048 0.0751451
6 0.0502593 0.52177 0.0577393 0.0552326
