3 0.609109 0.413753 0.0344095 0.0476306
3 0.557027 0.45977 0.0297995 0.056853
3 0.638542 0.457101 0.0274081 0.0569644
3 0.661406 0.495816 0.0194724 0.0373949
3 0.545092 0.406648 0.0288849 0.0328036
4 0.468334 0.487422 0.0143026 0.0146217
4 0.437446 0.488736 0.0151425 0.0152862
4 0.498585 0.778848 0.020595 0.0825187
4 0.794784 0.53594 0.0212471 0.0219313
4 0.952062 0.613149 0.0206188 0.0223798
3 0.575943 0.444382 0.0229998 0.0498289
4 0.90925 0.592123 0.0214882 0.022056
4 0.715323 0.511328 0.0169697 0.0148805
