0 0.746173 0.790654 0.504708 0.406284
3 0.334729 0.128966 0.197423 0.255177
3 0.633433 0.209702 0.0494147 0.0798494
7 0.412332 0.226484 0.0508871 0.145836
3 0.0688147 0.0957301 0.135981 0.180819
3 0.470112 0.0906351 0.094033 0.172364
7 0.0393813 0.177783 0.0781427 0.201922
7 0.517117 0.20412 0.111667 0.148257
7 0.0931699 0.223746 0.123756 0.150465
7 0.253183 0.239187 0.0244875 0.152713
7 0.492256 0.169608 0.0503277 0.104082
3 0.0693509 0.135968 0.138565 0.265486
3 0.76119 0.201339 0.0459698 0.0408988
7 0.0373939 0.207161 0.0738225 0.143567
