1 0.500000 0.838710 0.146875 0.195565
3 0.158594 0.463206 0.086979 0.140121
3 0.160677 0.574597 0.086979 0.078629
3 0.028906 0.693044 0.056771 0.176411
3 0.031250 0.460685 0.061458 0.120968
3 0.100521 0.397177 0.020833 0.046371
3 0.285677 0.458165 0.017188 0.037298
3 0.965885 0.955645 0.068229 0.088710
7 0.154167 0.701109 0.044792 0.077621
7 0.183333 0.658770 0.028125 0.055444
7 0.051042 0.763105 0.023958 0.044355
7 0.134375 0.647177 0.014583 0.052419
7 0.178125 0.636089 0.031250 0.074597
6 0.139844 0.565020 0.046354 0.087702
6 0.164583 0.558972 0.022917 0.055444
6 0.045052 0.611895 0.030729 0.080645
5 0.149479 0.340726 0.021875 0.104839
5 0.181510 0.343750 0.027604 0.086694
5 0.015885 0.333165 0.030729 0.126008
5 0.060417 0.339214 0.015625 0.073589
