3 0.393750 0.759722 0.068750 0.147222
3 0.510156 0.694444 0.082812 0.144444
3 0.622656 0.745833 0.085938 0.141667
3 0.600000 0.558333 0.065625 0.083333
3 0.413281 0.558333 0.073438 0.105556
3 0.506250 0.601389 0.046875 0.080556
5 0.375000 0.452778 0.012500 0.077778
5 0.358594 0.490278 0.017188 0.080556
5 0.410938 0.429167 0.012500 0.075000
5 0.603125 0.433333 0.012500 0.072222
5 0.639062 0.447222 0.009375 0.072222
5 0.657813 0.494444 0.009375 0.083333
5 0.385937 0.526389 0.015625 0.097222
5 0.474219 0.565278 0.014063 0.119444
5 0.547656 0.563889 0.014063 0.116667
6 0.604688 0.708333 0.059375 0.055556
6 0.629687 0.668056 0.043750 0.047222
7 0.605469 0.830556 0.042188 0.050000
6 0.413281 0.713889 0.051562 0.050000
6 0.385156 0.670833 0.048438 0.047222
7 0.413281 0.831944 0.045312 0.047222
5 0.477344 0.422222 0.010937 0.077778
5 0.531250 0.422222 0.018750 0.088889
6 0.391406 0.619444 0.029687 0.055556
