4 0.292187 0.597222 0.084375 0.122222
4 0.377344 0.704167 0.082812 0.058333
4 0.542188 0.638889 0.050000 0.155556
4 0.479687 0.595833 0.037500 0.130556
4 0.550781 0.415278 0.070312 0.108333
4 0.453906 0.265278 0.029687 0.102778
4 0.398438 0.427778 0.046875 0.138889
4 0.282031 0.168056 0.048438 0.163889
4 0.327344 0.209722 0.029687 0.113889
4 0.195312 0.672222 0.068750 0.094444
3 0.764844 0.258333 0.042188 0.083333
3 0.882031 0.243056 0.054688 0.108333
3 0.992188 0.227778 0.015625 0.100000
3 0.274219 0.333333 0.110937 0.161111
3 0.251563 0.494444 0.081250 0.127778
3 0.738281 0.441667 0.023438 0.050000
3 0.753125 0.483333 0.028125 0.033333
3 0.840625 0.487500 0.028125 0.036111
7 0.519531 0.588889 0.048438 0.088889
7 0.389062 0.609722 0.025000 0.108333
7 0.331250 0.594444 0.012500 0.144444
7 0.256250 0.612500 0.062500 0.108333
7 0.517969 0.595833 0.051562 0.102778
5 0.533594 0.223611 0.057813 0.158333
5 0.491406 0.183333 0.017188 0.177778
5 0.400781 0.168056 0.029687 0.213889
5 0.231250 0.181944 0.031250 0.125000
5 0.211719 0.211111 0.020313 0.122222
5 0.368750 0.284722 0.009375 0.097222
5 0.502344 0.265278 0.020313 0.102778
7 0.814063 0.511111 0.018750 0.055556
7 0.764062 0.513889 0.009375 0.044444
7 0.739062 0.513889 0.009375 0.044444
5 0.843750 0.395833 0.043750 0.063889
5 0.820312 0.397222 0.021875 0.061111
5 0.786719 0.390278 0.017188 0.052778
5 0.760156 0.391667 0.014063 0.050000
5 0.732812 0.383333 0.025000 0.066667
