3 0.248542 0.506987 0.0927968 0.147718
3 0.274834 0.34313 0.110134 0.18094
4 0.407096 0.42818 0.0457119 0.124115
7 0.251771 0.594704 0.0508153 0.0816269
4 0.484122 0.595633 0.053735 0.100572
4 0.552441 0.415124 0.0673271 0.0619253
3 0.872183 0.241939 0.0528273 0.0757263
3 0.984663 0.227234 0.0304634 0.0835274
4 0.28908 0.166572 0.0530336 0.160437
4 0.30172 0.599653 0.0713697 0.111526
3 0.753222 0.259903 0.0476232 0.0774173
4 0.387445 0.709147 0.0839321 0.0632238
4 0.198356 0.675028 0.0622142 0.0802828
6 0.308962 0.420289 0.0505918 0.093472
6 0.442657 0.441077 0.0286138 0.0623539
3 0.819447 0.483552 0.0280535 0.0459064
4 0.453952 0.271898 0.0294504 0.0997331
7 0.521159 0.58681 0.0531809 0.0789263
7 0.442445 0.555058 0.0257156 0.0567991
3 0.721267 0.436896 0.0271933 0.0477945
5 0.224136 0.163382 0.0178619 0.114476
5 0.211498 0.209409 0.0279018 0.119988
4 0.501184 0.430081 0.027817 0.0639126
5 0.369184 0.26763 0.014421 0.0973867
6 0.477346 0.431152 0.0353356 0.0784682
5 0.209201 0.198655 0.0171412 0.0955946
7 0.400688 0.603691 0.0262156 0.0830224
4 0.549873 0.648045 0.0376772 0.123942
3 0.736558 0.48207 0.0215788 0.0445411
5 0.412605 0.153431 0.014315 0.132929
4 0.523249 0.6265 0.034551 0.0509635
6 0.23904 0.428708 0.0620383 0.0801965
5 0.499594 0.276591 0.0192249 0.117869
5 0.368913 0.254512 0.0123517 0.0715362
4 0.320331 0.211096 0.0223998 0.0907252
5 0.502353 0.252462 0.0107303 0.0711008
5 0.211836 0.212483 0.03867 0.120499
5 0.238933 0.204072 0.0138704 0.0643193
5 0.498338 0.290048 0.0223708 0.154646
5 0.410221 0.169767 0.0207486 0.174155
