3 0.648438 0.416667 0.056250 0.100000
3 0.833594 0.476389 0.067187 0.119444
3 0.464844 0.252778 0.082812 0.138889
3 0.317188 0.279167 0.100000 0.180556
3 0.224219 0.252778 0.082812 0.150000
3 0.194531 0.430556 0.092188 0.161111
3 0.355469 0.394444 0.067187 0.127778
3 0.546875 0.522222 0.059375 0.100000
4 0.449219 0.516667 0.067187 0.094444
4 0.646875 0.505556 0.018750 0.077778
4 0.832031 0.580556 0.026562 0.088889
5 0.153906 0.098611 0.017188 0.097222
5 0.178906 0.094444 0.023438 0.100000
5 0.228906 0.104167 0.017188 0.075000
5 0.267969 0.091667 0.014063 0.105556
5 0.318750 0.108333 0.015625 0.083333
5 0.351562 0.100000 0.012500 0.122222
5 0.383594 0.108333 0.014063 0.088889
5 0.463281 0.098611 0.010937 0.097222
5 0.502344 0.104167 0.010937 0.091667
6 0.478125 0.340278 0.050000 0.080556
6 0.437500 0.358333 0.053125 0.072222
6 0.358594 0.369444 0.014063 0.083333
6 0.277344 0.369444 0.020313 0.083333
6 0.208594 0.355556 0.057813 0.077778
6 0.181250 0.343056 0.053125 0.069444
6 0.198437 0.325000 0.034375 0.061111
7 0.210938 0.523611 0.062500 0.069444
7 0.254688 0.469444 0.031250 0.050000
7 0.276562 0.540278 0.015625 0.063889
7 0.357031 0.538889 0.010937 0.066667
7 0.445312 0.461111 0.040625 0.066667
7 0.488281 0.472222 0.029687 0.055556
