4 0.436198 0.582870 0.026562 0.013889
4 0.586458 0.585185 0.027083 0.014815
4 0.615365 0.566204 0.023438 0.013889
3 0.875000 0.456019 0.082292 0.119444
3 0.852604 0.608333 0.095833 0.137037
3 0.982552 0.512037 0.034896 0.146296
3 0.976562 0.591204 0.045833 0.102778
0 0.500260 0.761111 0.159896 0.350000
5 0.833854 0.339352 0.010417 0.075000
5 0.848958 0.342593 0.009375 0.064815
5 0.865365 0.336111 0.011979 0.085185
5 0.886719 0.342130 0.007812 0.060185
5 0.985677 0.331019 0.027604 0.102778
6 0.852344 0.512500 0.031771 0.049074
6 0.836198 0.520833 0.028646 0.037963
6 0.879427 0.562037 0.053646 0.077778
6 0.969010 0.606481 0.023438 0.088889
7 0.956250 0.757407 0.018750 0.046296
7 0.868229 0.700926 0.054167 0.074074
