3 0.815771 0.530727 0.0578611 0.091929
3 0.690273 0.576018 0.0333422 0.0595052
3 0.743603 0.423699 0.0477024 0.0841869
3 0.0191609 0.489038 0.0381539 0.0817512
3 0.899503 0.509742 0.0554649 0.0811635
3 0.824074 0.419751 0.0360378 0.0789532
3 0.915071 0.433897 0.0688675 0.0946869
3 0.0901266 0.422532 0.0502606 0.0520173
3 0.751375 0.487012 0.0403051 0.0690084
3 0.0560289 0.416124 0.0228883 0.0337388
7 0.887481 0.583544 0.047327 0.0450885
5 0.733936 0.34671 0.00856622 0.0483313
5 0.746001 0.344956 0.0108379 0.0491058
5 0.762487 0.343459 0.00925426 0.0488203
4 0.496879 0.52897 0.0187181 0.0185429
6 0.076797 0.456745 0.0197722 0.0433116
5 0.810492 0.346867 0.00972652 0.0566973
6 0.116634 0.442821 0.0258934 0.038306
5 0.905433 0.344143 0.00834465 0.0489864
7 0.748514 0.550509 0.0329469 0.0494428
5 0.904294 0.346472 0.00900707 0.0553998
7 0.11387 0.505425 0.0251958 0.0437982
5 0.922049 0.340274 0.00980148 0.0590264
5 0.944949 0.33764 0.00954323 0.0527891
