3 0.821108 0.601185 0.18208 0.291071
3 0.953229 0.508657 0.0935427 0.180816
6 0.869314 0.790938 0.0940493 0.156618
3 0.571464 0.4897 0.0181442 0.0382434
7 0.763977 0.917835 0.0734552 0.113878
5 0.851617 0.290109 0.0326206 0.212288
1 0.499875 0.724445 0.14215 0.409068
5 0.755208 0.308901 0.0300292 0.149219
3 0.616755 0.682869 0.0477735 0.0963543
6 0.987768 0.640409 0.0241619 0.131422
3 0.769899 0.706195 0.101719 0.160773
3 0.735697 0.430609 0.0204895 0.0385898
7 0.7585 0.819291 0.0626276 0.141274
3 0.736387 0.389423 0.0201445 0.0356627
5 0.792033 0.329219 0.0155123 0.101867
5 0.89684 0.329243 0.0169613 0.110996
7 0.970873 0.794172 0.0255095 0.131245
4 0.598667 0.513599 0.02048 0.0182677
5 0.99298 0.325052 0.013942 0.118612
3 0.777637 0.390332 0.0222155 0.0328949
3 0.80648 0.436038 0.0200201 0.0224888
6 0.989982 0.679553 0.0198692 0.21479
4 0.645239 0.46361 0.0161726 0.0138459
6 0.885125 0.791082 0.0661091 0.149691
