6 0.250578 0.800454 0.108638 0.158064
3 0.167937 0.561714 0.169797 0.26286
1 0.500422 0.725384 0.142696 0.403238
3 0.253483 0.919701 0.20976 0.160599
3 0.356191 0.578365 0.040456 0.0754444
6 0.22042 0.935948 0.0962626 0.121045
6 0.221217 0.703047 0.0535532 0.137175
6 0.117918 0.73164 0.0453357 0.0932027
5 0.147383 0.312685 0.022287 0.13723
4 0.505098 0.747646 0.035928 0.0739791
5 0.233378 0.250067 0.0461976 0.284804
5 0.286313 0.29004 0.0247536 0.202869
3 0.00900624 0.80837 0.0177358 0.162183
5 0.270005 0.290428 0.0582759 0.206558
