3 0.936458 0.445060 0.066667 0.099798
3 0.483073 0.498488 0.018229 0.035282
3 0.151562 0.937500 0.112500 0.125000
3 0.221875 0.566532 0.034375 0.050403
3 0.245052 0.451109 0.021354 0.053427
3 0.217969 0.406250 0.026562 0.046371
3 0.161458 0.465222 0.025000 0.055444
3 0.132292 0.411290 0.032292 0.062500
3 0.777604 0.447077 0.057292 0.109879
3 0.850521 0.600806 0.084375 0.131048
3 0.986458 0.479839 0.027083 0.100806
1 0.509375 0.727319 0.134375 0.373992
4 0.076042 0.516633 0.018750 0.005040
4 0.215885 0.487399 0.008854 0.011089
4 0.498437 0.795867 0.019792 0.063508
5 0.773958 0.336190 0.009375 0.071573
5 0.802083 0.346774 0.009375 0.058468
5 0.824479 0.339214 0.010417 0.071573
5 0.840885 0.343246 0.008854 0.055444
5 0.896354 0.340726 0.014583 0.082661
5 0.919010 0.347782 0.013021 0.068548
5 0.979167 0.342238 0.011458 0.065524
6 0.786198 0.510585 0.040104 0.057460
6 0.889583 0.551411 0.018750 0.062500
6 0.974219 0.568044 0.051562 0.047379
7 0.967448 0.700605 0.054688 0.026210
7 0.879167 0.681452 0.021875 0.050403
7 0.779948 0.607863 0.042188 0.066532
