6 0.361064 0.905598 0.135881 0.188804
6 0.398044 0.757019 0.103742 0.131343
3 0.0680585 0.842472 0.136117 0.313528
3 0.402419 0.893901 0.197605 0.212199
3 0.405833 0.568838 0.0339315 0.0706785
6 0.369088 0.654423 0.0383563 0.0982834
3 0.323753 0.534554 0.133272 0.212878
5 0.307149 0.322558 0.017223 0.116207
3 0.181341 0.617344 0.0604476 0.0892061
5 0.430559 0.267719 0.0503365 0.238275
5 0.377493 0.317884 0.0177273 0.132298
4 0.403831 0.63345 0.00998964 0.050578
5 0.161808 0.31972 0.0217659 0.113665
5 0.0230371 0.265395 0.0460742 0.530791
