4 0.269271 0.689516 0.016667 0.042339
4 0.211198 0.644657 0.018229 0.037298
4 0.400521 0.528226 0.028125 0.014113
4 0.539323 0.503528 0.024479 0.007056
3 0.670573 0.485887 0.033854 0.068548
3 0.565625 0.484375 0.034375 0.065524
3 0.601302 0.465222 0.027604 0.055444
3 0.436458 0.512097 0.020833 0.042339
3 0.230729 0.911794 0.098958 0.111895
5 0.551302 0.351310 0.008854 0.039315
5 0.570833 0.349798 0.006250 0.042339
5 0.589323 0.359375 0.008854 0.041331
5 0.612500 0.354839 0.009375 0.050403
5 0.645573 0.358367 0.014063 0.047379
5 0.675000 0.358871 0.019792 0.060484
6 0.664844 0.450605 0.024479 0.032258
6 0.640625 0.462198 0.018750 0.043347
6 0.612500 0.459677 0.012500 0.044355
7 0.665104 0.519657 0.026042 0.027218
7 0.643229 0.527722 0.017708 0.031250
7 0.608333 0.528226 0.006250 0.026210
1 0.508073 0.724798 0.133854 0.397177
