3 0.387240 0.531754 0.028646 0.049395
3 0.236198 0.602319 0.081771 0.132056
3 0.253906 0.453629 0.066146 0.114919
3 0.181510 0.547379 0.063021 0.100806
3 0.063542 0.499496 0.126042 0.174395
3 0.036198 0.431452 0.071354 0.066532
4 0.506250 0.762097 0.021875 0.078629
4 0.521094 0.607359 0.018229 0.027218
1 0.502344 0.838710 0.142187 0.187500
5 0.213802 0.338710 0.015104 0.092742
5 0.258594 0.337198 0.009896 0.081653
5 0.271615 0.343246 0.011979 0.063508
5 0.196615 0.340222 0.006771 0.061492
5 0.145052 0.341734 0.014063 0.056452
5 0.053385 0.342238 0.014063 0.067540
5 0.089323 0.333165 0.021354 0.099798
7 0.130729 0.724798 0.037500 0.044355
7 0.214062 0.687500 0.033333 0.052419
7 0.046354 0.745968 0.048958 0.044355
7 0.087760 0.630040 0.038021 0.062500
