6 0.291696 0.807408 0.114891 0.210403
3 0.330482 0.906869 0.190689 0.182784
6 0.329717 0.908945 0.105303 0.174983
5 0.366406 0.265496 0.0398267 0.264214
3 0.135436 0.588749 0.187664 0.295371
3 0.660954 0.538733 0.027383 0.0495834
3 0.522319 0.458077 0.0138973 0.0269811
4 0.757596 0.68194 0.0386208 0.0366685
5 0.0915784 0.307339 0.0371243 0.15608
5 0.208938 0.315508 0.03204 0.177776
3 0.44085 0.393287 0.0217668 0.0404735
3 0.475803 0.390257 0.0195461 0.037317
5 0.329888 0.288425 0.0330828 0.188989
3 0.409962 0.428176 0.0134602 0.0322456
3 0.413588 0.42968 0.0212607 0.038569
3 0.423321 0.390491 0.0134817 0.0359485
