3 0.084896 0.663889 0.078125 0.111111
3 0.076302 0.881481 0.135937 0.200000
3 0.605729 0.262500 0.014583 0.028704
3 0.884115 0.394907 0.026562 0.039815
3 0.649219 0.453241 0.065104 0.104630
3 0.519271 0.431019 0.037500 0.080556
3 0.544010 0.543519 0.053646 0.098148
3 0.701042 0.536574 0.054167 0.091667
4 0.093490 0.746296 0.027604 0.074074
4 0.089063 0.980556 0.050000 0.038889
0 0.501302 0.844444 0.159896 0.185185
4 0.955990 0.482407 0.016146 0.014815
4 0.788542 0.469907 0.011458 0.008333
3 0.847135 0.431019 0.024479 0.036111
3 0.862240 0.391667 0.021354 0.035185
3 0.939583 0.392593 0.029167 0.037037
3 0.929167 0.436574 0.028125 0.037963
3 0.900781 0.428241 0.019271 0.036111
7 0.665365 0.608333 0.021354 0.031481
7 0.695312 0.592130 0.030208 0.036111
7 0.617969 0.609259 0.020313 0.027778
7 0.636719 0.546296 0.014063 0.038889
7 0.666146 0.556944 0.015625 0.026852
7 0.564323 0.600926 0.020313 0.029630
7 0.594010 0.543056 0.005729 0.026852
7 0.514062 0.554167 0.015625 0.025000
6 0.565885 0.501852 0.030729 0.044444
6 0.621875 0.505556 0.017708 0.048148
6 0.696094 0.490278 0.036979 0.058333
6 0.520312 0.482870 0.029167 0.034259
6 0.562760 0.458333 0.008854 0.031481
6 0.596354 0.464352 0.012500 0.037963
5 0.508333 0.345370 0.009375 0.048148
5 0.522135 0.344907 0.006771 0.056481
5 0.557813 0.343056 0.013542 0.062037
5 0.594271 0.351852 0.009375 0.042593
5 0.632812 0.338889 0.009375 0.059259
5 0.648698 0.347685 0.005729 0.037963
5 0.682031 0.335648 0.008854 0.054630
5 0.718229 0.341204 0.011458 0.049074
