3 0.070511 0.629127 0.141022 0.342448
3 0.294877 0.721201 0.114608 0.212789
3 0.270746 0.480257 0.0949482 0.147358
3 0.817738 0.484106 0.0207455 0.0340521
6 0.258231 0.660628 0.0696111 0.107945
3 0.162737 0.629514 0.0647726 0.153671
3 0.668324 0.43514 0.0245665 0.0420167
5 0.0877714 0.308895 0.0446572 0.217353
3 0.676481 0.391004 0.0213227 0.0372242
3 0.605275 0.429523 0.0205713 0.0397908
3 0.632147 0.393639 0.0232557 0.0414034
6 0.128695 0.732818 0.0473052 0.0874869
5 0.318878 0.324375 0.0163646 0.106977
5 0.172181 0.329479 0.0155726 0.0792017
5 0.277467 0.313571 0.0220095 0.131931
6 0.306393 0.597349 0.046331 0.0664025
5 0.304056 0.327646 0.0151811 0.0993664
7 0.268283 0.862806 0.0727663 0.107673
3 0.612038 0.388957 0.0137262 0.034
4 0.719755 0.530683 0.0211569 0.0170068
3 0.555034 0.456441 0.0153946 0.0265019
4 0.777652 0.485881 0.0123773 0.0171693
6 0.245928 0.574862 0.0242491 0.0513917
6 0.294726 0.567601 0.0397609 0.0823766
4 0.853125 0.505902 0.018652 0.0189014
3 0.614352 0.389613 0.0190502 0.0369472
4 0.718619 0.527206 0.0236706 0.0170249
5 0.270008 0.317259 0.020408 0.121102
6 0.0215388 0.799547 0.0306793 0.0534506
