3 0.227932 0.420887 0.0497386 0.082908
3 0.73973 0.692729 0.0621353 0.110067
3 0.293319 0.503319 0.0455359 0.0802448
3 0.598948 0.723677 0.0588911 0.128613
3 0.353462 0.414943 0.0420973 0.0717833
4 0.492433 0.764122 0.0340965 0.0597289
3 0.353378 0.476961 0.0373487 0.0586862
4 0.588115 0.820695 0.0254992 0.0756576
3 0.299548 0.407987 0.033012 0.0660362
3 0.245871 0.482296 0.0403504 0.0702527
5 0.268064 0.344458 0.00932007 0.053774
5 0.221596 0.343156 0.00972929 0.0493067
5 0.308542 0.342873 0.011753 0.0537427
5 0.242642 0.343586 0.00937057 0.0491658
5 0.208813 0.344734 0.00829201 0.0484623
5 0.210142 0.343409 0.0104367 0.0545442
