3 0.968045 0.55521 0.0637993 0.114718
3 0.0601576 0.429353 0.111015 0.149325
3 0.512763 0.600277 0.0361095 0.0679214
3 0.920308 0.508348 0.0510597 0.0858648
3 0.595656 0.411912 0.0157064 0.0311918
3 0.862656 0.440644 0.0677486 0.102699
0 0.499697 0.835014 0.14513 0.186964
3 0.639214 0.413747 0.0173551 0.0322016
3 0.829174 0.413764 0.0376848 0.0684739
6 0.837064 0.482536 0.0182541 0.0414851
6 0.802782 0.471802 0.0273087 0.0441746
7 0.877744 0.592904 0.0162882 0.0471373
6 0.95278 0.506605 0.0334232 0.0424617
7 0.9401 0.607406 0.0391043 0.0384344
5 0.891394 0.341677 0.00983582 0.0619834
3 0.536341 0.439274 0.0146961 0.0169269
5 0.910942 0.343188 0.0101448 0.0526033
5 0.83927 0.339825 0.00846138 0.0597588
7 0.797637 0.551627 0.0331467 0.0521963
5 0.983151 0.336957 0.0139244 0.0617473
3 0.609005 0.411974 0.013829 0.0326308
6 0.949999 0.501886 0.0297352 0.049051
5 0.794882 0.34691 0.0126772 0.059116
3 0.622807 0.381816 0.015346 0.0278678
6 0.88529 0.498753 0.0158951 0.0478122
5 0.8896 0.340948 0.00856247 0.0642086
3 0.587604 0.379181 0.0129276 0.0278244
5 0.84396 0.343095 0.0108894 0.0592303
3 0.58979 0.38335 0.0150696 0.0292727
5 0.956054 0.341544 0.0109318 0.0477644
3 0.627099 0.381996 0.0227208 0.0272879
5 0.909603 0.347232 0.0112854 0.0544029
5 0.841955 0.341924 0.00845757 0.0579255
5 0.812683 0.344499 0.00957336 0.0576203
6 0.887255 0.494903 0.020068 0.0548244
