3 0.140365 0.828629 0.089063 0.145161
3 0.486198 0.530746 0.025521 0.039315
3 0.819531 0.621976 0.202604 0.328629
3 0.907552 0.505544 0.124479 0.172379
3 0.742448 0.720262 0.101562 0.186492
3 0.678125 0.431956 0.021875 0.035282
3 0.677865 0.392641 0.021354 0.035282
3 0.713542 0.395161 0.022917 0.038306
3 0.706250 0.425907 0.010417 0.039315
4 0.291146 0.714718 0.035417 0.048387
4 0.581771 0.463206 0.011458 0.007056
4 0.615625 0.460181 0.011458 0.009073
5 0.749219 0.300907 0.028646 0.156250
5 0.720833 0.324597 0.014583 0.116935
5 0.868229 0.279738 0.041667 0.236895
5 0.950260 0.331149 0.020313 0.113911
6 0.872917 0.834173 0.100000 0.162298
7 0.732552 0.843750 0.067187 0.141129
7 0.747396 0.955645 0.073958 0.088710
0 0.501563 0.835685 0.145833 0.175403
