4 0.257812 0.504167 0.121875 0.130556
4 0.602344 0.486111 0.092188 0.150000
3 0.406250 0.358333 0.150000 0.261111
3 0.695312 0.336111 0.103125 0.216667
3 0.566406 0.500000 0.095312 0.177778
3 0.321094 0.548611 0.079687 0.208333
3 0.983594 0.347222 0.029687 0.055556
3 0.876563 0.247222 0.018750 0.072222
5 0.625000 0.104167 0.021875 0.158333
5 0.713281 0.105556 0.020313 0.122222
5 0.745313 0.112500 0.015625 0.102778
5 0.444531 0.087500 0.017188 0.136111
5 0.535937 0.133333 0.012500 0.100000
5 0.333594 0.091667 0.020313 0.133333
5 0.258594 0.098611 0.023438 0.119444
6 0.462500 0.479167 0.046875 0.102778
6 0.359375 0.470833 0.046875 0.086111
6 0.672656 0.463889 0.070312 0.100000
6 0.526563 0.388889 0.028125 0.077778
6 0.603906 0.401389 0.026562 0.086111
7 0.428125 0.572222 0.031250 0.094444
7 0.459375 0.719444 0.037500 0.077778
7 0.359375 0.705556 0.056250 0.083333
7 0.589063 0.718056 0.056250 0.086111
7 0.669531 0.690278 0.064062 0.080556
7 0.671875 0.604167 0.059375 0.086111
7 0.365625 0.606944 0.018750 0.058333
7 0.318750 0.679167 0.043750 0.052778
