3 0.811846 0.651035 0.217322 0.360593
3 0.225371 0.666808 0.229979 0.394011
5 0.931625 0.269591 0.0494648 0.23297
3 0.515421 0.827322 0.115593 0.27716
5 0.455448 0.306286 0.0212468 0.144565
5 0.753787 0.297398 0.0279295 0.185307
5 0.0966818 0.267981 0.0473424 0.25011
5 0.270691 0.295072 0.0281528 0.185124
6 0.701498 0.795534 0.0431583 0.118223
4 0.395719 0.654371 0.031867 0.0310248
5 0.566423 0.309035 0.0207632 0.148673
6 0.875497 0.868821 0.0578148 0.175395
6 0.16229 0.902354 0.0759242 0.184084
6 0.333075 0.822407 0.0457877 0.122781
