0 0.498963 0.850752 0.169098 0.187034
3 0.265424 0.678361 0.0547605 0.0890779
3 0.0599565 0.224385 0.0491746 0.0695708
3 0.658097 0.49553 0.0428368 0.0658207
3 0.653535 0.42901 0.0498973 0.0841568
3 0.573085 0.514357 0.0483248 0.0867022
4 0.0373872 0.733467 0.0577911 0.0538327
3 0.520641 0.421988 0.0407441 0.0759186
3 0.606101 0.414412 0.0369001 0.0655043
3 0.541581 0.47833 0.0347096 0.0577304
3 0.689009 0.384452 0.0183296 0.0290578
4 0.794532 0.465755 0.0153273 0.0138216
3 0.68988 0.607469 0.0229048 0.0564826
3 0.688635 0.415054 0.0187548 0.031911
7 0.525908 0.538609 0.029953 0.0423642
3 0.692981 0.608065 0.0165331 0.0542602
7 0.635096 0.555246 0.0277445 0.037748
5 0.662866 0.345988 0.00697212 0.0457136
3 0.68549 0.583384 0.0289171 0.023224
5 0.592747 0.34743 0.0091404 0.0550702
6 0.639256 0.475309 0.0213079 0.0332056
4 0.819652 0.469747 0.0176727 0.0144699
4 0.900022 0.541404 0.0168297 0.0193353
5 0.552966 0.347795 0.00908299 0.0508775
3 0.6886 0.405419 0.0185476 0.0202706
7 0.657824 0.546219 0.0227044 0.0359699
7 0.661215 0.539365 0.0243586 0.0354516
5 0.589738 0.349839 0.00904617 0.0604993
5 0.512201 0.34923 0.00990429 0.0485143
7 0.530333 0.510475 0.0153408 0.0205263
