4 0.501823 0.773185 0.025521 0.080645
3 0.389844 0.594758 0.035937 0.062500
3 0.204427 0.528730 0.028646 0.051411
3 0.270833 0.477319 0.038542 0.065524
3 0.342969 0.458669 0.025521 0.052419
3 0.371354 0.473790 0.035417 0.064516
3 0.378385 0.418851 0.030729 0.037298
3 0.310677 0.427923 0.041146 0.051411
3 0.284635 0.417843 0.024479 0.025202
7 0.330469 0.520161 0.009896 0.028226
7 0.301302 0.520161 0.007812 0.026210
7 0.278125 0.517137 0.020833 0.028226
7 0.361979 0.512097 0.013542 0.030242
7 0.380469 0.502520 0.020313 0.035282
6 0.329167 0.455141 0.010417 0.031250
6 0.274740 0.448589 0.028646 0.028226
6 0.299479 0.452621 0.012500 0.024194
