3 0.58391 0.510888 0.0240211 0.0423324
3 0.664346 0.482642 0.0382092 0.0665502
3 0.948763 0.60819 0.0477226 0.0703478
3 0.735106 0.434124 0.0447971 0.0547825
3 0.782422 0.48924 0.0406271 0.0692111
3 0.660434 0.422092 0.0369959 0.03368
3 0.703631 0.463685 0.0237818 0.0538834
6 0.746276 0.460108 0.0187847 0.033206
4 0.559357 0.493703 0.0138369 0.0157156
7 0.7738 0.529659 0.0241327 0.0349356
4 0.923141 0.571703 0.0261478 0.020836
4 0.496986 0.773331 0.0278273 0.111165
6 0.711813 0.460298 0.0167425 0.0405376
7 0.677528 0.529331 0.0193592 0.0251521
6 0.772861 0.445475 0.0194736 0.0240232
