6 0.601447 0.783898 0.103522 0.16438
3 0.0827856 0.725267 0.165571 0.535753
5 0.572549 0.241094 0.0355345 0.308007
3 0.3374 0.510691 0.0968131 0.188728
3 0.263656 0.391942 0.025366 0.0382255
3 0.214918 0.448637 0.0177903 0.0319174
5 0.479634 0.327872 0.0142139 0.101005
5 0.0354042 0.297818 0.0413415 0.1746
5 0.665481 0.288016 0.0256964 0.187655
3 0.263319 0.435056 0.0242931 0.0450273
5 0.635003 0.304529 0.0233629 0.143904
5 0.146021 0.31278 0.0257014 0.133626
3 0.356115 0.509765 0.0573308 0.182776
3 0.624291 0.586664 0.135414 0.285799
5 0.372074 0.327916 0.0153965 0.102302
3 0.498365 0.691544 0.0847532 0.18875
7 0.592364 0.909761 0.0659663 0.107063
6 0.528355 0.811342 0.0232658 0.106454
5 0.546727 0.320465 0.0157969 0.10777
5 0.307903 0.203052 0.062296 0.384684
7 0.229873 0.899924 0.0370757 0.0663606
6 0.467112 0.588184 0.0312523 0.0815775
6 0.215497 0.683427 0.0373781 0.0743439
