3 0.0519797 0.771903 0.103959 0.149243
4 0.0620025 0.885588 0.038205 0.107467
3 0.885357 0.51402 0.130626 0.187217
3 0.938935 0.635921 0.0968704 0.140223
3 0.689644 0.639903 0.0934633 0.15532
3 0.642146 0.459676 0.0720402 0.120702
6 0.829776 0.595545 0.0568516 0.0652362
7 0.63672 0.605335 0.0183386 0.0316105
3 0.829439 0.452307 0.0705818 0.113095
3 0.70692 0.548872 0.0726067 0.102849
5 0.86934 0.322446 0.0240128 0.106235
6 0.90978 0.5971 0.058881 0.0598855
0 0.500504 0.756998 0.160555 0.384687
6 0.728107 0.579132 0.0343543 0.06762
5 0.954522 0.320253 0.0233795 0.0973819
6 0.638865 0.5292 0.0411556 0.0615779
3 0.994284 0.44412 0.0114328 0.0266941
7 0.821287 0.763611 0.0540728 0.0465786
7 0.7208 0.73049 0.0339739 0.0601669
5 0.81532 0.337453 0.0111927 0.059982
5 0.657544 0.33802 0.0126368 0.0838159
5 0.684268 0.345383 0.0093146 0.0575689
3 0.963639 0.45619 0.0139755 0.0331687
5 0.990025 0.325324 0.0188843 0.0841353
6 0.955051 0.560553 0.0370728 0.0429011
5 0.722943 0.328293 0.0184044 0.0968354
5 0.635395 0.341589 0.00996882 0.0600207
7 0.629835 0.642766 0.0306564 0.0568804
5 0.623623 0.337477 0.0122849 0.071539
3 0.993953 0.454366 0.0120777 0.0386449
6 0.657773 0.53898 0.0205043 0.053967
7 0.926722 0.725581 0.0703278 0.0656092
6 0.707652 0.555419 0.0747955 0.116518
