3 0.27175 0.343331 0.108835 0.182831
3 0.248543 0.507542 0.089907 0.142988
4 0.398904 0.427054 0.0448141 0.12499
4 0.28263 0.169222 0.056672 0.1614
4 0.378905 0.706377 0.0859936 0.0596853
7 0.517391 0.581725 0.053453 0.080515
3 0.885921 0.238115 0.0560173 0.0793875
4 0.197814 0.67413 0.0625717 0.07938
4 0.296085 0.599843 0.0768025 0.120776
4 0.544439 0.644771 0.0398841 0.125467
3 0.764892 0.258364 0.0483809 0.0768872
4 0.476665 0.600172 0.0518345 0.107061
4 0.548558 0.417266 0.0690823 0.0744797
4 0.454776 0.273215 0.0338405 0.0984741
6 0.302259 0.418653 0.0477406 0.0814626
3 0.838778 0.484618 0.0263538 0.0453761
3 0.751074 0.481523 0.0283443 0.0492899
3 0.992921 0.226144 0.0131756 0.0806446
7 0.255731 0.599722 0.0431587 0.0627865
5 0.221264 0.157128 0.0157498 0.087162
6 0.442963 0.439709 0.0264933 0.0590519
4 0.521371 0.623753 0.0281057 0.0523985
4 0.32315 0.213468 0.0261257 0.0947325
7 0.393689 0.603044 0.0256903 0.0848133
5 0.486219 0.167066 0.013723 0.116594
5 0.404398 0.156743 0.0159169 0.139317
5 0.504625 0.249808 0.00864697 0.0684304
5 0.210651 0.210526 0.0266017 0.116302
7 0.442745 0.557046 0.0219168 0.0618585
5 0.208494 0.200564 0.0171617 0.0917867
5 0.37201 0.262131 0.0108814 0.0809346
5 0.54792 0.202269 0.0140802 0.102382
6 0.237338 0.428417 0.0563223 0.0783023
5 0.503609 0.262696 0.0136703 0.0938103
4 0.496977 0.437362 0.0366428 0.0760863
5 0.241007 0.208886 0.0120677 0.0619731
6 0.469222 0.429601 0.0281984 0.0704876
5 0.532655 0.231105 0.0457689 0.163939
5 0.838885 0.386239 0.0117325 0.0470691
