3 0.776922 0.467899 0.077755 0.132232
3 0.016486 0.414936 0.0329721 0.0659771
3 0.64999 0.576052 0.0662611 0.122264
3 0.0662814 0.711668 0.0695858 0.102004
3 0.803128 0.558645 0.0597441 0.101491
3 0.0559931 0.462547 0.0369676 0.0652051
3 0.602817 0.440877 0.0520809 0.099285
6 0.743312 0.530707 0.0380774 0.0552107
1 0.499925 0.842881 0.146377 0.182767
3 0.729557 0.432097 0.0441971 0.0917573
6 0.792927 0.523602 0.0400377 0.0450692
3 0.649298 0.495133 0.0374165 0.0534546
5 0.769097 0.332738 0.0134459 0.0777468
5 0.833542 0.341343 0.0130421 0.078483
7 0.738315 0.65296 0.0367567 0.0445452
5 0.814662 0.33432 0.0145796 0.0790286
5 0.594395 0.341764 0.0106483 0.0631425
5 0.625951 0.337413 0.0119743 0.0691616
5 0.675623 0.334181 0.0128551 0.0754302
5 0.718394 0.341836 0.00887159 0.049205
7 0.791973 0.63408 0.0595692 0.0627749
7 0.705501 0.570342 0.0141508 0.0616155
5 0.764511 0.336221 0.0164433 0.082175
7 0.602701 0.585627 0.0301153 0.0556554
4 0.282236 0.507682 0.0166996 0.0157294
7 0.00814888 0.494385 0.0159751 0.046728
5 0.661493 0.345275 0.00975323 0.0610209
5 0.659866 0.345183 0.00912425 0.0561747
5 0.760162 0.341596 0.0106367 0.0594972
