3 0.9047 0.622028 0.190421 0.313644
3 0.6148 0.875837 0.169739 0.246698
6 0.489017 0.664672 0.0687219 0.109719
3 0.477145 0.52618 0.108514 0.210252
3 0.683719 0.483667 0.0786915 0.15421
7 0.490291 0.876855 0.0711016 0.10731
3 0.0105001 0.831109 0.020815 0.134995
5 0.701193 0.275728 0.0322426 0.224524
5 0.934501 0.274465 0.0646458 0.206011
5 0.454131 0.313768 0.0230349 0.132871
3 0.548561 0.634685 0.0776087 0.159424
3 0.659335 0.603154 0.0355417 0.0719111
5 0.840399 0.322295 0.0196369 0.107919
5 0.983153 0.287682 0.0336944 0.168521
5 0.546012 0.294113 0.0262722 0.192878
5 0.513876 0.331728 0.012059 0.0933072
5 0.565506 0.334099 0.0126928 0.0884744
5 0.657492 0.330284 0.0129669 0.0773333
7 0.4895 0.787179 0.0601194 0.0996644
6 0.55543 0.731769 0.0401988 0.0731163
6 0.849674 0.781044 0.133579 0.125311
5 0.725364 0.328927 0.0134884 0.0865543
7 0.858979 0.849681 0.0517891 0.0824366
