0 0.500521 0.836694 0.146875 0.191532
3 0.541927 0.527722 0.025521 0.051411
3 0.695833 0.571573 0.067708 0.118952
3 0.615104 0.443548 0.058333 0.100806
3 0.620052 0.514113 0.047396 0.070565
3 0.693229 0.431452 0.044792 0.086694
3 0.795052 0.451613 0.072396 0.118952
3 0.787500 0.380040 0.026042 0.036290
3 0.991667 0.628528 0.016667 0.061492
4 0.195052 0.664819 0.040104 0.033266
4 0.276302 0.603327 0.027604 0.029234
4 0.573177 0.551915 0.021354 0.027218
5 0.734115 0.342238 0.011979 0.063508
5 0.675781 0.345262 0.009896 0.079637
5 0.714583 0.351310 0.006250 0.045363
5 0.614323 0.344758 0.009896 0.050403
5 0.629167 0.345262 0.008333 0.049395
5 0.598437 0.342238 0.008333 0.047379
5 0.772917 0.344758 0.009375 0.048387
5 0.805729 0.337702 0.009375 0.066532
5 0.822917 0.336190 0.009375 0.059476
7 0.770312 0.628528 0.043750 0.043347
7 0.787760 0.612399 0.036979 0.037298
7 0.781510 0.583165 0.023438 0.039315
7 0.748437 0.571069 0.025000 0.045363
7 0.625521 0.603831 0.033333 0.048387
7 0.604688 0.580141 0.032292 0.047379
6 0.625000 0.502520 0.033333 0.039315
6 0.726042 0.521169 0.008333 0.044355
6 0.671875 0.518145 0.010417 0.060484
6 0.772656 0.519657 0.043229 0.051411
