3 0.685156 0.751512 0.272396 0.496976
3 0.966927 0.599798 0.066146 0.276210
3 0.614062 0.494960 0.098958 0.159274
3 0.316927 0.464214 0.016146 0.033266
3 0.363021 0.437500 0.022917 0.044355
3 0.359896 0.393649 0.022917 0.035282
3 0.396354 0.395161 0.023958 0.040323
3 0.386979 0.429435 0.018750 0.036290
3 0.424219 0.433972 0.020313 0.037298
0 0.497656 0.835685 0.136979 0.187500
4 0.010417 0.721774 0.019792 0.036290
5 0.567448 0.271169 0.031771 0.278226
5 0.476302 0.308468 0.022396 0.169355
5 0.498958 0.317036 0.021875 0.132056
5 0.637240 0.328629 0.010937 0.100806
5 0.755729 0.325101 0.014583 0.099798
5 0.810417 0.251512 0.067708 0.420363
5 0.854427 0.322077 0.021354 0.115927
6 0.528125 0.652722 0.065625 0.095766
6 0.516406 0.736895 0.080729 0.133065
7 0.527604 0.862399 0.067708 0.113911
7 0.512240 0.957157 0.073438 0.085685
