4 0.376563 0.722222 0.059375 0.088889
4 0.447656 0.747222 0.079687 0.050000
4 0.754687 0.463889 0.021875 0.077778
4 0.957031 0.580556 0.026562 0.088889
4 0.351562 0.612500 0.059375 0.075000
4 0.671875 0.633333 0.037500 0.061111
6 0.546094 0.484722 0.035937 0.097222
7 0.352344 0.581944 0.067187 0.086111
4 0.381250 0.462500 0.078125 0.097222
4 0.392969 0.515278 0.048438 0.080556
4 0.355469 0.387500 0.054688 0.091667
4 0.393750 0.375000 0.053125 0.088889
4 0.627344 0.463889 0.073438 0.100000
4 0.625000 0.625000 0.071875 0.088889
4 0.653906 0.590278 0.067187 0.080556
4 0.646875 0.538889 0.046875 0.088889
4 0.667969 0.169444 0.029687 0.122222
4 0.533594 0.147222 0.026562 0.116667
4 0.465625 0.225000 0.031250 0.155556
4 0.364063 0.205556 0.043750 0.144444
4 0.336719 0.165278 0.026562 0.125000
3 0.759375 0.375000 0.059375 0.094444
3 0.962500 0.477778 0.071875 0.116667
3 0.664844 0.498611 0.067187 0.097222
3 0.502344 0.423611 0.057813 0.136111
3 0.625781 0.309722 0.085938 0.136111
7 0.391406 0.618056 0.051562 0.063889
7 0.465625 0.648611 0.012500 0.052778
7 0.545312 0.652778 0.009375 0.066667
6 0.644531 0.390278 0.035937 0.058333
7 0.365625 0.536111 0.040625 0.072222
6 0.466406 0.483333 0.014063 0.077778
5 0.623437 0.154167 0.012500 0.086111
5 0.382031 0.152778 0.014063 0.094444
5 0.550000 0.222222 0.009375 0.105556
