3 0.302277 0.584583 0.0671208 0.124681
3 0.0346818 0.592889 0.0477438 0.0689043
3 0.759924 0.551385 0.0324293 0.0568662
3 0.38708 0.441992 0.0545703 0.101466
3 0.190378 0.460499 0.073902 0.128528
6 0.374348 0.511862 0.0431795 0.0676728
3 0.295183 0.431285 0.0380043 0.0895333
3 0.21356 0.542302 0.0562079 0.0905155
7 0.221085 0.647965 0.044417 0.046288
3 0.374504 0.516119 0.0480166 0.0790102
6 0.211751 0.540382 0.0510694 0.0816827
5 0.182818 0.338521 0.0143788 0.076431
5 0.38757 0.336711 0.0104295 0.0632928
5 0.261684 0.332343 0.0101826 0.0705393
7 0.203475 0.596978 0.0288954 0.041663
5 0.212499 0.338796 0.0101234 0.0621461
5 0.161527 0.332214 0.0105603 0.0626476
5 0.363278 0.343099 0.0101857 0.0546212
5 0.312906 0.339742 0.00925179 0.0608285
7 0.378196 0.614839 0.037689 0.0506739
7 0.386199 0.562595 0.0184008 0.0413469
7 0.195708 0.63129 0.0394483 0.0433419
7 0.391846 0.587431 0.029218 0.040333
5 0.401486 0.341972 0.0106977 0.0642196
6 0.271167 0.522239 0.0113979 0.0489859
5 0.322716 0.334485 0.0119719 0.0658973
7 0.388442 0.596341 0.0293963 0.0519558
