3 0.116927 0.454637 0.079687 0.112903
3 0.083073 0.550403 0.075521 0.098790
3 0.241406 0.546371 0.061979 0.102823
3 0.280208 0.432460 0.051042 0.088710
3 0.153385 0.534274 0.027604 0.046371
3 0.058073 0.470766 0.021354 0.030242
3 0.234635 0.494960 0.046354 0.060484
4 0.641146 0.615927 0.017708 0.032258
4 0.713542 0.683972 0.016667 0.043347
4 0.744271 0.789315 0.051042 0.042339
4 0.316667 0.690524 0.016667 0.054435
0 0.502344 0.836190 0.142187 0.188508
4 0.504167 0.789315 0.030208 0.076613
7 0.218490 0.606351 0.018229 0.039315
7 0.276823 0.576109 0.038021 0.047379
7 0.276562 0.560484 0.026042 0.052419
7 0.159896 0.620968 0.030208 0.036290
7 0.113281 0.622480 0.035937 0.035282
7 0.088542 0.605343 0.041667 0.043347
6 0.079687 0.502520 0.045833 0.039315
6 0.078646 0.482359 0.014583 0.023185
6 0.212240 0.506552 0.020313 0.047379
6 0.217708 0.466734 0.016667 0.046371
6 0.150000 0.511593 0.032292 0.047379
6 0.278646 0.480847 0.034375 0.050403
6 0.171875 0.470766 0.011458 0.036290
6 0.217188 0.344758 0.011458 0.076613
6 0.251823 0.352319 0.003646 0.041331
6 0.259896 0.346270 0.007292 0.065524
6 0.285677 0.344758 0.011979 0.050403
6 0.157292 0.344758 0.009375 0.042339
6 0.126823 0.339718 0.011979 0.060484
6 0.113802 0.343750 0.011979 0.042339
6 0.075260 0.338206 0.013021 0.065524
6 0.061198 0.340726 0.013021 0.060484
6 0.045312 0.340726 0.013542 0.058468
