1 0.499567 0.835755 0.144968 0.189153
3 0.746453 0.515866 0.0244644 0.0442805
3 0.365662 0.430443 0.0486341 0.0872989
3 0.436977 0.502218 0.0414768 0.0819227
3 0.313686 0.504034 0.0414174 0.0774739
3 0.670257 0.480085 0.0141848 0.0333975
3 0.776636 0.391498 0.0238033 0.0413036
3 0.752992 0.425861 0.0195444 0.0358596
3 0.816234 0.433034 0.0269962 0.0420039
3 0.838657 0.391749 0.0217205 0.0393122
3 0.441552 0.413441 0.0373124 0.0694396
3 0.33397 0.41278 0.0335356 0.0681913
3 0.921968 0.606608 0.0494236 0.0662361
3 0.396259 0.478905 0.0284529 0.0679792
5 0.453652 0.347278 0.00916405 0.0448765
4 0.497867 0.794062 0.0205435 0.0645151
5 0.432645 0.343568 0.00836268 0.0434656
5 0.381244 0.347698 0.00917358 0.0610888
5 0.342186 0.342708 0.00923967 0.0517062
6 0.316004 0.464784 0.0310334 0.0378534
5 0.301441 0.345187 0.0133092 0.0497806
5 0.317086 0.345502 0.00819448 0.0462597
7 0.323164 0.549699 0.025029 0.0372328
6 0.325768 0.471586 0.0194462 0.0354248
3 0.66798 0.47752 0.0181566 0.0321876
5 0.340362 0.342758 0.00852203 0.0567645
7 0.423924 0.550138 0.0211141 0.0424063
5 0.409373 0.349372 0.00763397 0.0391722
6 0.385649 0.478963 0.0156101 0.06032
7 0.388472 0.549327 0.0184231 0.0518318
4 0.854608 0.598509 0.0303047 0.0241391
5 0.435838 0.34414 0.00829945 0.04785
