3 0.407031 0.361111 0.148438 0.261111
3 0.563281 0.502778 0.092188 0.177778
6 0.603125 0.487500 0.093750 0.147222
4 0.256250 0.504167 0.125000 0.130556
3 0.984375 0.344444 0.031250 0.055556
4 0.983594 0.395833 0.014063 0.047222
3 0.696094 0.337500 0.120313 0.202778
3 0.321094 0.555556 0.073438 0.205556
3 0.746094 0.247222 0.032813 0.055556
3 0.876563 0.243056 0.018750 0.075000
3 0.874219 0.312500 0.020313 0.058333
3 0.764844 0.295833 0.017188 0.047222
7 0.428906 0.572222 0.042188 0.094444
7 0.464062 0.716667 0.040625 0.083333
7 0.361719 0.705556 0.045312 0.072222
7 0.317188 0.677778 0.037500 0.055556
7 0.365625 0.609722 0.018750 0.075000
7 0.589844 0.715278 0.054688 0.086111
7 0.669531 0.691667 0.060937 0.077778
7 0.669531 0.604167 0.057813 0.086111
7 0.603125 0.584722 0.018750 0.080556
7 0.519531 0.579167 0.010937 0.069444
6 0.461719 0.479167 0.045312 0.097222
6 0.356250 0.466667 0.050000 0.083333
6 0.310937 0.447222 0.053125 0.100000
6 0.605469 0.406944 0.023438 0.097222
6 0.671875 0.465278 0.071875 0.102778
6 0.525781 0.393056 0.026562 0.086111
5 0.446094 0.088889 0.017188 0.144444
5 0.412500 0.129167 0.015625 0.091667
5 0.332031 0.095833 0.020313 0.136111
5 0.258594 0.105556 0.023438 0.116667
5 0.536719 0.133333 0.014063 0.100000
5 0.625781 0.102778 0.026562 0.150000
5 0.712500 0.105556 0.021875 0.122222
5 0.743750 0.116667 0.018750 0.111111
