3 0.406657 0.362276 0.150107 0.257713
3 0.636668 0.606805 0.141066 0.234029
4 0.877608 0.855526 0.0734905 0.208509
7 0.462185 0.718632 0.0431719 0.0912567
4 0.264789 0.521205 0.129454 0.110916
3 0.697014 0.334846 0.120991 0.20176
3 0.865636 0.241746 0.0415173 0.0737942
6 0.462596 0.480896 0.044733 0.0958342
3 0.570692 0.499948 0.106853 0.171813
7 0.589894 0.715618 0.0553341 0.086517
3 0.983914 0.345813 0.0311729 0.0556731
6 0.593651 0.479223 0.0570077 0.0986642
3 0.325493 0.562105 0.0608259 0.180222
3 0.871266 0.312921 0.0259716 0.0533522
5 0.332233 0.0957073 0.0219043 0.139219
5 0.445131 0.0920044 0.0202113 0.14913
7 0.360631 0.70516 0.051631 0.0826065
5 0.624221 0.110245 0.0265318 0.163651
5 0.712638 0.110661 0.0184104 0.137109
5 0.258427 0.105989 0.0228504 0.118971
5 0.744657 0.11609 0.0138217 0.11031
7 0.429489 0.573042 0.0381252 0.0999737
5 0.536762 0.132973 0.0159948 0.0974935
6 0.605876 0.396539 0.0236565 0.0804069
6 0.527352 0.390383 0.0238153 0.0805779
5 0.413197 0.129689 0.0154556 0.0953009
3 0.74457 0.24264 0.0385349 0.058031
6 0.354833 0.463818 0.0503251 0.0914666
7 0.36496 0.607384 0.0207168 0.0696972
