3 0.123438 0.804435 0.084375 0.129032
3 0.448177 0.488911 0.019271 0.038306
3 0.828906 0.430948 0.052604 0.085685
3 0.898958 0.545363 0.069792 0.100806
3 0.947656 0.428931 0.053646 0.089718
3 0.848437 0.502016 0.047917 0.072581
3 0.277083 0.407762 0.032292 0.049395
3 0.195312 0.408266 0.031250 0.040323
3 0.227604 0.456653 0.028125 0.052419
4 0.554688 0.511593 0.017708 0.017137
0 0.501042 0.836694 0.143750 0.173387
5 0.826823 0.348286 0.005729 0.049395
5 0.818750 0.345262 0.008333 0.041331
5 0.866927 0.350302 0.008854 0.051411
5 0.837240 0.347278 0.007812 0.035282
5 0.937760 0.341230 0.013021 0.063508
5 0.929427 0.348286 0.007812 0.041331
5 0.978646 0.346774 0.009375 0.044355
7 0.831510 0.568044 0.031771 0.045363
7 0.819792 0.548891 0.028125 0.035282
7 0.835677 0.541331 0.019271 0.040323
7 0.921875 0.601815 0.010417 0.040323
7 0.866927 0.584173 0.015104 0.037298
7 0.982812 0.614415 0.034375 0.033266
7 0.992708 0.588710 0.014583 0.018145
6 0.985938 0.517137 0.028125 0.032258
6 0.929427 0.502520 0.011979 0.045363
7 0.959896 0.555444 0.011458 0.042339
6 0.867188 0.460685 0.018750 0.036290
