3 0.017188 0.771169 0.033333 0.125000
3 0.539062 0.439012 0.051042 0.093750
3 0.617708 0.528226 0.048958 0.098790
3 0.646354 0.425907 0.042708 0.081653
3 0.600781 0.484879 0.035937 0.062500
3 0.504948 0.503528 0.042188 0.069556
3 0.482292 0.516633 0.016667 0.039315
3 0.647135 0.534274 0.015104 0.046371
4 0.237240 0.627520 0.024479 0.031250
4 0.254688 0.577117 0.025000 0.023185
4 0.465625 0.522681 0.016667 0.023185
4 0.833333 0.534778 0.023958 0.019153
4 0.494010 0.785282 0.026562 0.078629
5 0.495312 0.346774 0.009375 0.048387
5 0.519010 0.345262 0.009896 0.051411
5 0.550781 0.345262 0.011979 0.051411
5 0.591406 0.351815 0.003646 0.028226
5 0.613802 0.343246 0.004687 0.055444
5 0.619271 0.348286 0.006250 0.039315
5 0.644531 0.345262 0.009896 0.049395
5 0.652083 0.342742 0.005208 0.034274
5 0.660937 0.344254 0.008333 0.051411
6 0.558073 0.484879 0.015104 0.038306
6 0.602865 0.485887 0.020313 0.034274
7 0.599740 0.576613 0.019271 0.036290
7 0.631771 0.569052 0.021875 0.031250
7 0.555729 0.575605 0.015625 0.038306
6 0.525000 0.483367 0.016667 0.037298
6 0.505208 0.468750 0.022917 0.040323
6 0.586979 0.453629 0.011458 0.032258
