3 0.407494 0.362401 0.148632 0.256256
3 0.637638 0.612412 0.142572 0.223229
4 0.250621 0.497447 0.132398 0.132083
7 0.463399 0.720384 0.0435682 0.0898439
3 0.867659 0.24388 0.0378407 0.0766261
3 0.320001 0.555277 0.0760495 0.200034
3 0.699274 0.33596 0.117817 0.201544
4 0.895337 0.846784 0.0767921 0.183503
6 0.462951 0.48183 0.0459688 0.0960214
6 0.593264 0.479366 0.0574507 0.0981905
3 0.983577 0.346246 0.0318409 0.0555942
3 0.872166 0.31372 0.024548 0.054167
3 0.569894 0.500476 0.105868 0.172447
7 0.589074 0.716383 0.0582232 0.0878053
5 0.444984 0.09207 0.0204365 0.14878
5 0.332374 0.0957168 0.0215044 0.140351
7 0.429783 0.574426 0.0394619 0.100373
5 0.258211 0.107225 0.0235449 0.123718
5 0.744454 0.116749 0.0142186 0.109506
7 0.361291 0.703392 0.0503963 0.0815584
5 0.712286 0.110939 0.0185572 0.138378
5 0.624659 0.109018 0.0265732 0.158514
6 0.606038 0.396516 0.0236513 0.078273
5 0.536967 0.132706 0.0158148 0.0978168
6 0.689991 0.443252 0.0547334 0.065205
6 0.52717 0.390477 0.0239247 0.0808835
5 0.413272 0.129113 0.0155221 0.0950577
7 0.3173 0.674721 0.0401576 0.0583159
7 0.365287 0.606175 0.0214897 0.073072
3 0.744617 0.242866 0.0382694 0.0590547
4 0.982435 0.399492 0.0116146 0.0432532
6 0.356132 0.468454 0.0488799 0.0842775
6 0.312382 0.442524 0.0521214 0.104624
