3 0.813571 0.651336 0.218198 0.361999
3 0.226238 0.667701 0.229812 0.39552
5 0.933674 0.268401 0.0490059 0.230379
3 0.517892 0.827898 0.116403 0.276651
5 0.271269 0.295316 0.028147 0.183852
5 0.754777 0.297127 0.0275515 0.183149
5 0.0979028 0.269277 0.0460512 0.253048
5 0.455833 0.305791 0.0214964 0.144243
5 0.566836 0.310118 0.0199877 0.144011
4 0.395559 0.654458 0.0322749 0.0317042
6 0.877149 0.86666 0.0549843 0.168732
6 0.163166 0.902747 0.0764535 0.183172
6 0.70223 0.798556 0.0434097 0.126018
