3 0.829688 0.654234 0.054167 0.090726
3 0.584896 0.536794 0.052083 0.095766
3 0.608594 0.431956 0.046354 0.087702
3 0.564583 0.488407 0.035417 0.065524
3 0.540625 0.530242 0.026042 0.034274
3 0.500000 0.440524 0.051042 0.094758
3 0.462240 0.510081 0.041146 0.082661
4 0.615365 0.528730 0.019271 0.015121
4 0.287760 0.585181 0.028646 0.029234
4 0.193229 0.596774 0.026042 0.024194
4 0.079687 0.825101 0.034375 0.061492
4 0.426823 0.531250 0.019271 0.018145
5 0.454167 0.346774 0.011458 0.044355
5 0.479427 0.348286 0.014063 0.055444
5 0.511719 0.348790 0.013021 0.062500
5 0.554688 0.347278 0.008333 0.037298
5 0.578385 0.344254 0.014063 0.051411
5 0.607812 0.343246 0.007292 0.051411
5 0.615365 0.344758 0.006771 0.038306
5 0.623437 0.345262 0.010417 0.049395
6 0.520052 0.493448 0.017188 0.039315
6 0.485156 0.488407 0.019271 0.035282
6 0.465365 0.473790 0.025521 0.046371
6 0.612500 0.479839 0.026042 0.046371
7 0.602083 0.564012 0.037500 0.057460
7 0.562240 0.586694 0.019271 0.032258
7 0.472656 0.562500 0.039062 0.048387
