4 0.043229 0.718519 0.048958 0.044444
4 0.728906 0.552315 0.021354 0.017593
4 0.707031 0.546296 0.020313 0.022222
4 0.470833 0.478241 0.012500 0.012037
4 0.497396 0.475463 0.014583 0.006481
4 0.419271 0.467593 0.013542 0.012963
3 0.344531 0.448148 0.028646 0.046296
3 0.230208 0.614815 0.045833 0.072222
3 0.389323 0.403241 0.028646 0.043519
3 0.329427 0.399537 0.024479 0.039815
3 0.362240 0.434722 0.018229 0.041667
3 0.414844 0.438889 0.022396 0.042593
0 0.499219 0.846296 0.158854 0.181481
7 0.379948 0.470370 0.006771 0.022222
7 0.397917 0.467130 0.010417 0.021296
7 0.353646 0.468981 0.013542 0.023148
7 0.332292 0.464352 0.019792 0.019444
6 0.328385 0.418519 0.015104 0.014815
6 0.353906 0.427778 0.011979 0.020370
6 0.379427 0.425000 0.007812 0.022222
6 0.411719 0.418981 0.016146 0.025000
