4 0.600000 0.488889 0.096875 0.150000
3 0.406250 0.361111 0.150000 0.261111
3 0.325781 0.550000 0.073438 0.211111
3 0.564063 0.500000 0.093750 0.177778
3 0.697656 0.338889 0.117188 0.205556
3 0.983594 0.344444 0.032813 0.055556
3 0.744531 0.240278 0.039062 0.058333
3 0.881250 0.244444 0.015625 0.061111
4 0.982031 0.395833 0.014063 0.047222
4 0.256250 0.500000 0.128125 0.127778
7 0.461719 0.718056 0.042188 0.080556
7 0.589844 0.718056 0.054688 0.086111
7 0.667188 0.690278 0.065625 0.080556
7 0.693750 0.647222 0.062500 0.094444
7 0.673438 0.602778 0.059375 0.077778
7 0.431250 0.573611 0.040625 0.097222
7 0.360938 0.702778 0.053125 0.072222
7 0.364844 0.605556 0.023438 0.072222
7 0.321094 0.683333 0.048438 0.061111
6 0.463281 0.479167 0.048438 0.091667
6 0.673438 0.465278 0.062500 0.086111
6 0.527344 0.393056 0.026562 0.080556
6 0.603906 0.406944 0.032813 0.102778
5 0.257812 0.106944 0.025000 0.130556
5 0.332031 0.098611 0.023438 0.141667
5 0.445312 0.091667 0.021875 0.150000
5 0.414062 0.129167 0.012500 0.097222
5 0.536719 0.134722 0.017188 0.108333
5 0.622656 0.106944 0.032813 0.158333
5 0.710938 0.112500 0.021875 0.141667
5 0.742969 0.115278 0.017188 0.102778
