0 0.500260 0.836190 0.146354 0.182460
3 0.717187 0.569052 0.035417 0.057460
3 0.716927 0.460685 0.016146 0.028226
3 0.875260 0.502520 0.120313 0.182460
3 0.841667 0.606855 0.089583 0.129032
3 0.964323 0.470766 0.071354 0.139113
3 0.961719 0.623488 0.048438 0.077621
3 0.784635 0.432460 0.023438 0.042339
3 0.784115 0.391633 0.023438 0.037298
3 0.822656 0.395161 0.023438 0.042339
3 0.814583 0.426915 0.018750 0.035282
4 0.698177 0.461190 0.011979 0.009073
4 0.666927 0.461190 0.011979 0.011089
6 0.907813 0.608367 0.059375 0.091734
7 0.892188 0.779234 0.054167 0.078629
7 0.836198 0.723286 0.046354 0.073589
7 0.828646 0.677419 0.046875 0.082661
7 0.987500 0.673387 0.014583 0.076613
5 0.898958 0.327621 0.020833 0.110887
5 0.852344 0.341734 0.011979 0.064516
5 0.839063 0.328125 0.014583 0.081653
5 0.825000 0.337198 0.011458 0.075605
5 0.933594 0.339214 0.013021 0.067540
