3 0.186479 0.492493 0.0212644 0.0413936
3 0.438343 0.475341 0.0332327 0.0666389
3 0.334486 0.487557 0.0396943 0.0724811
3 0.133189 0.559789 0.038488 0.059426
3 0.393744 0.417904 0.03981 0.077097
3 0.326826 0.410174 0.0364539 0.0638312
3 0.42351 0.404577 0.029479 0.0544427
4 0.723961 0.589121 0.0170523 0.0238404
3 0.371974 0.462973 0.0264302 0.0588963
5 0.380136 0.349279 0.00796843 0.0437958
4 0.675845 0.554716 0.0201328 0.0201131
5 0.433715 0.348495 0.00750828 0.0352089
5 0.444939 0.347743 0.00886726 0.0392285
3 0.413379 0.408243 0.0469107 0.0639898
5 0.410189 0.347369 0.00993404 0.0402426
7 0.381361 0.527899 0.0114483 0.0390976
