0 0.500507 0.832386 0.144912 0.184587
3 0.87614 0.642503 0.0979204 0.165499
3 0.96551 0.54873 0.0689807 0.222085
4 0.285323 0.694072 0.0339774 0.0474802
6 0.890643 0.585493 0.0611547 0.0968158
6 0.948778 0.6196 0.0434658 0.0945941
5 0.956019 0.324377 0.0258472 0.130928
6 0.988785 0.69232 0.0220154 0.103189
5 0.876373 0.326885 0.0188763 0.0940911
5 0.939861 0.337971 0.0155483 0.0926487
3 0.963261 0.450561 0.0729645 0.0986588
3 0.946121 0.463968 0.0463459 0.0804979
7 0.880186 0.744748 0.0614346 0.103922
5 0.939879 0.330921 0.0189463 0.110449
5 0.959206 0.318698 0.021809 0.118676
7 0.935692 0.806235 0.0412304 0.0808134
