3 0.075260 0.615423 0.049479 0.073589
3 0.417969 0.427419 0.040104 0.078629
3 0.539844 0.431956 0.048438 0.087702
3 0.463021 0.525202 0.044792 0.088710
3 0.509115 0.416835 0.028646 0.065524
3 0.559115 0.497984 0.032813 0.074597
3 0.515104 0.501512 0.018750 0.039315
4 0.605208 0.616935 0.026042 0.028226
4 0.179427 0.608367 0.013021 0.027218
5 0.410677 0.351815 0.008854 0.048387
5 0.432031 0.349294 0.005729 0.037298
5 0.440104 0.346774 0.008333 0.048387
5 0.457031 0.348286 0.005729 0.035282
5 0.476562 0.340222 0.008333 0.051411
5 0.499740 0.350302 0.004687 0.039315
5 0.526563 0.349294 0.005208 0.035282
5 0.535937 0.338710 0.006250 0.040323
5 0.561458 0.343246 0.007292 0.045363
5 0.571354 0.344254 0.008333 0.043347
6 0.422135 0.470262 0.023438 0.037298
6 0.463802 0.453125 0.015104 0.039315
6 0.482812 0.486391 0.013542 0.035282
6 0.525000 0.482359 0.020833 0.035282
6 0.555729 0.472782 0.028125 0.050403
7 0.427604 0.557460 0.026042 0.030242
7 0.426563 0.540827 0.022917 0.029234
7 0.447656 0.565524 0.016146 0.026210
7 0.550000 0.556452 0.023958 0.030242
7 0.559115 0.545867 0.021354 0.031250
