3 0.752456 0.492675 0.100808 0.163322
3 0.872073 0.627662 0.098288 0.138297
3 0.833145 0.452999 0.0773226 0.12041
3 0.621464 0.586482 0.0718227 0.128271
3 0.632206 0.446836 0.0603411 0.099693
0 0.499628 0.7564 0.162504 0.372498
3 0.554321 0.512308 0.0299837 0.0533602
6 0.640252 0.542516 0.0409014 0.0590658
4 0.554126 0.558805 0.00996132 0.0394183
7 0.63882 0.669246 0.0426403 0.0692664
5 0.80416 0.325407 0.0160074 0.0841399
5 0.719736 0.326276 0.0130722 0.0803019
5 0.638145 0.343585 0.00898743 0.0539118
6 0.784446 0.572128 0.0250351 0.0639999
5 0.828124 0.338501 0.0110924 0.0581211
5 0.604877 0.337711 0.0134398 0.0678636
6 0.849905 0.57103 0.0529865 0.0558419
3 0.692123 0.528166 0.0246825 0.0609409
5 0.610051 0.340281 0.0096159 0.0553704
6 0.637733 0.527426 0.0413595 0.049403
5 0.875938 0.336763 0.0125296 0.0685364
6 0.857353 0.511562 0.0214489 0.0315172
