3 0.396363 0.931568 0.094091 0.134111
3 0.0156073 0.413947 0.0311902 0.0485996
3 0.14124 0.650602 0.0539705 0.0849774
3 0.059018 0.471233 0.0441788 0.0686308
3 0.721391 0.512597 0.0494394 0.0874094
3 0.672376 0.418528 0.0419298 0.0768696
3 0.810261 0.429327 0.0574699 0.0929372
3 0.690989 0.479555 0.0342102 0.0650493
3 0.12326 0.408722 0.0407986 0.052779
3 0.814659 0.503807 0.0493607 0.0735748
3 0.279 0.499627 0.023067 0.038078
4 0.979951 0.751083 0.0389841 0.0666332
3 0.758548 0.415539 0.0384987 0.0703289
3 0.150283 0.452819 0.0296833 0.0560209
1 0.500383 0.728849 0.145102 0.407467
4 0.498952 0.802351 0.0203684 0.0775361
5 0.838526 0.342538 0.012252 0.0572723
5 0.705333 0.34547 0.00905279 0.0526719
5 0.66735 0.344953 0.0104874 0.0423872
5 0.808748 0.342326 0.00917492 0.0538459
5 0.680162 0.34546 0.00792141 0.041714
6 0.115821 0.434173 0.0191373 0.0246484
5 0.746047 0.346214 0.00994339 0.0611586
6 0.791213 0.478665 0.0246967 0.0452075
5 0.780576 0.346905 0.00752792 0.0407461
6 0.0173125 0.43569 0.0274146 0.0199592
7 0.812949 0.555311 0.0301945 0.0391581
1 0.500011 0.840243 0.146281 0.194719
