3 0.407207 0.361748 0.148656 0.257873
4 0.255215 0.502783 0.129389 0.14005
6 0.46291 0.481742 0.0457247 0.0983063
7 0.462991 0.720824 0.0435999 0.0890418
3 0.320911 0.550149 0.0721994 0.199831
3 0.69776 0.336238 0.120638 0.200905
3 0.868171 0.242728 0.0363506 0.0745541
7 0.667717 0.607309 0.0522329 0.079135
6 0.669931 0.464914 0.0677702 0.100863
7 0.58905 0.715553 0.0583324 0.0903897
7 0.666908 0.688094 0.0605963 0.0831611
5 0.332346 0.0967045 0.0216497 0.143186
3 0.563722 0.503328 0.094735 0.176611
3 0.871815 0.313276 0.0247143 0.0544958
5 0.445317 0.0926285 0.0203773 0.148733
3 0.984328 0.345406 0.030542 0.0543488
6 0.601525 0.48727 0.0944141 0.146499
5 0.258684 0.106001 0.0228432 0.121523
5 0.744649 0.117558 0.0140724 0.111513
7 0.429279 0.572192 0.0383879 0.0974164
7 0.360976 0.704236 0.0509365 0.0806268
5 0.71268 0.110139 0.0178271 0.137315
5 0.625736 0.10669 0.0255846 0.156012
5 0.536884 0.132463 0.0150957 0.0972394
6 0.604147 0.400387 0.0259298 0.0848611
7 0.319119 0.676552 0.0363497 0.0535499
5 0.413409 0.129852 0.0152067 0.0931483
7 0.365341 0.609876 0.0206667 0.0646903
6 0.527509 0.390026 0.0248113 0.0807431
5 0.620301 0.114682 0.01817 0.146318
3 0.745288 0.242568 0.0393995 0.0583828
6 0.355819 0.46741 0.0463893 0.0868183
5 0.618583 0.130163 0.0172611 0.114626
6 0.313279 0.444255 0.0503979 0.100639
4 0.982596 0.398506 0.0113136 0.0427119
4 0.600118 0.487868 0.0882555 0.147919
