3 0.607109 0.660048 0.0585754 0.113501
3 0.570503 0.596894 0.0361267 0.0730858
3 0.141755 0.451924 0.0708571 0.127632
3 0.190324 0.577601 0.0712812 0.12331
3 0.0610917 0.497121 0.115098 0.178326
3 0.0283838 0.558247 0.0558349 0.158103
4 0.50641 0.786209 0.025301 0.0783804
5 0.19526 0.339747 0.0117232 0.0797851
1 0.494532 0.715541 0.155226 0.386805
5 0.164314 0.338298 0.010951 0.0641309
3 0.00856007 0.571449 0.0170706 0.135975
5 0.184177 0.336229 0.012799 0.0762975
3 0.0229042 0.572011 0.0458084 0.134668
