3 0.397823 0.749659 0.080203 0.141454
3 0.619207 0.744343 0.0740793 0.137818
3 0.509769 0.683974 0.0844194 0.136027
3 0.599013 0.555826 0.0651884 0.107831
6 0.386666 0.662008 0.0451868 0.0519879
3 0.41313 0.551195 0.0649835 0.113263
3 0.505869 0.601532 0.0413435 0.0673848
6 0.412729 0.700732 0.0447947 0.0515567
5 0.477051 0.555741 0.0189822 0.14126
5 0.603607 0.428363 0.0113282 0.0722726
5 0.360037 0.483622 0.0147549 0.0855398
5 0.376117 0.457667 0.0173133 0.101068
5 0.602661 0.436509 0.0151179 0.0913366
5 0.479325 0.418951 0.0156955 0.125984
5 0.659143 0.483361 0.00996351 0.0800407
5 0.363139 0.488034 0.0229286 0.0937282
6 0.393299 0.613451 0.0291653 0.0505356
5 0.638992 0.452168 0.0140648 0.0891956
5 0.40717 0.394664 0.0193449 0.130186
5 0.638559 0.440894 0.0113147 0.0738383
5 0.378257 0.473251 0.023484 0.135876
6 0.63041 0.664045 0.0409367 0.0476479
5 0.548057 0.554177 0.0133413 0.113777
6 0.622575 0.612006 0.0246718 0.0439031
5 0.410369 0.394907 0.0185083 0.122084
6 0.608684 0.701285 0.0515419 0.0544305
