3 0.631625 0.48958 0.0405315 0.0704097
3 0.765913 0.51432 0.0550932 0.0858973
3 0.784549 0.422272 0.0490571 0.0718881
3 0.685326 0.428744 0.0501472 0.0854146
3 0.724546 0.48149 0.0352623 0.0682599
0 0.49918 0.758819 0.157854 0.372723
3 0.657623 0.410416 0.0338699 0.0550677
4 0.40526 0.530126 0.0214664 0.0126427
6 0.636589 0.454906 0.0306005 0.0422693
7 0.746078 0.559206 0.0273693 0.0342721
4 0.518575 0.524328 0.0209332 0.0154302
5 0.788893 0.347237 0.00795771 0.0439279
5 0.768587 0.344878 0.00802326 0.0458795
5 0.628575 0.350055 0.00993366 0.0416467
6 0.665624 0.470657 0.0146065 0.0375931
7 0.638184 0.534074 0.0263136 0.0345267
0 0.499983 0.808133 0.158662 0.258712
6 0.752571 0.47769 0.0245779 0.0359903
5 0.804644 0.346578 0.00846481 0.0450209
5 0.645778 0.350614 0.00714245 0.040164
6 0.78715 0.462164 0.0216216 0.0281745
3 0.676316 0.425955 0.0698681 0.082329
3 0.670068 0.415465 0.0576921 0.0622486
6 0.784918 0.466056 0.0248266 0.0314589
6 0.635536 0.461949 0.0336775 0.0370726
7 0.703969 0.541202 0.0106117 0.0468043
5 0.665598 0.348142 0.00829372 0.0478676
5 0.714033 0.34844 0.0076952 0.0472193
7 0.702413 0.550597 0.0143686 0.0468153
