3 0.430729 0.219907 0.022917 0.043519
3 0.966927 0.643981 0.057813 0.078704
3 0.545312 0.437963 0.057292 0.094444
3 0.615104 0.559259 0.063542 0.107407
3 0.563021 0.506944 0.044792 0.071296
3 0.714844 0.446759 0.066146 0.106481
3 0.639323 0.425926 0.041146 0.081481
3 0.707031 0.525463 0.053646 0.075000
0 0.500260 0.849074 0.161979 0.183333
7 0.552344 0.589815 0.029687 0.044444
7 0.540365 0.569444 0.026562 0.037037
7 0.639583 0.612963 0.008333 0.037037
7 0.590104 0.603704 0.013542 0.033333
7 0.692969 0.605093 0.032813 0.034259
7 0.714323 0.593981 0.034896 0.036111
6 0.692969 0.502315 0.034896 0.041667
6 0.709896 0.507407 0.017708 0.025926
6 0.642188 0.510185 0.011458 0.055556
6 0.591667 0.503241 0.008333 0.034259
6 0.580469 0.471296 0.017188 0.020370
6 0.556771 0.500926 0.026042 0.038889
5 0.540885 0.347222 0.009896 0.053704
5 0.528125 0.348148 0.009375 0.050000
5 0.570833 0.351852 0.009375 0.042593
5 0.592708 0.337500 0.011458 0.058333
5 0.620313 0.348148 0.006250 0.042593
5 0.644792 0.340741 0.011458 0.051852
5 0.657552 0.348611 0.007812 0.039815
5 0.714323 0.340278 0.018229 0.052778
5 0.739323 0.345833 0.019271 0.062037
