3 0.806867 0.57317 0.0371178 0.0638757
3 0.634258 0.420103 0.0433649 0.0805001
3 0.763028 0.422886 0.0483076 0.0893396
3 0.702495 0.509859 0.048831 0.085668
3 0.625956 0.481506 0.0374695 0.0654533
3 0.675307 0.411421 0.029382 0.0666031
3 0.0261746 0.649203 0.051702 0.0876149
3 0.736304 0.483616 0.0411677 0.0703527
5 0.731137 0.345489 0.00842648 0.0527251
5 0.661577 0.345008 0.00752258 0.0489049
5 0.618623 0.345276 0.00945663 0.0420764
5 0.638934 0.343093 0.00725002 0.0473483
5 0.689928 0.345375 0.00757504 0.0594812
