3 0.492783 0.355057 0.0494494 0.0873189
3 0.412091 0.268473 0.0491571 0.082416
3 0.538912 0.263413 0.0417391 0.0877748
3 0.38454 0.350938 0.0378066 0.0686786
3 0.348408 0.427242 0.0328197 0.0553535
3 0.194675 0.39872 0.0331507 0.0648795
6 0.477796 0.306526 0.0193811 0.0402097
6 0.390854 0.307167 0.0270789 0.0389476
6 0.428727 0.314681 0.0230028 0.0409373
3 0.419079 0.352271 0.0187977 0.0395728
3 0.154647 0.378957 0.0272546 0.0446114
0 0.248329 0.552082 0.126358 0.0958622
7 0.432675 0.396399 0.0201429 0.0359421
7 0.534141 0.379039 0.0215811 0.0418831
