3 0.177369 0.807666 0.105278 0.165534
3 0.0319388 0.682931 0.0638775 0.122086
0 0.499764 0.850383 0.168895 0.187793
3 0.549813 0.425844 0.0481508 0.0816908
4 0.188449 0.930693 0.0373779 0.108553
4 0.0291335 0.772525 0.0323394 0.0840763
3 0.473001 0.506599 0.0447655 0.0802598
3 0.439919 0.417059 0.040978 0.0678784
3 0.577269 0.487815 0.0376013 0.0675881
3 0.688899 0.419137 0.0205441 0.0315614
3 0.695368 0.384873 0.0151213 0.0278213
3 0.751454 0.4328 0.0164917 0.0267309
3 0.638836 0.412597 0.0179686 0.029814
3 0.660674 0.386242 0.0192005 0.0303343
3 0.536676 0.967333 0.12268 0.0653349
3 0.477337 0.460982 0.0344246 0.0436788
6 0.569162 0.454993 0.0287283 0.0363559
5 0.484176 0.347381 0.00869236 0.0502116
5 0.431833 0.349873 0.00853767 0.0437932
3 0.62263 0.424715 0.0132043 0.0252349
6 0.533692 0.475908 0.0192194 0.0407386
5 0.586894 0.3482 0.00991573 0.0506232
7 0.443591 0.526357 0.0270091 0.0396709
5 0.539714 0.348225 0.0082339 0.0509581
6 0.443271 0.458664 0.0240266 0.0388063
6 0.565419 0.457947 0.0297045 0.0337858
5 0.457815 0.347765 0.00858822 0.0446343
7 0.490574 0.54683 0.0168883 0.0368422
7 0.533205 0.548791 0.0182161 0.0263621
7 0.536178 0.544517 0.0223953 0.0304459
7 0.572096 0.533176 0.0322256 0.032658
5 0.561008 0.350164 0.00862827 0.0496362
5 0.460758 0.349781 0.00790482 0.0455931
5 0.55812 0.348706 0.00792904 0.0427895
7 0.520337 0.509419 0.00997143 0.0262665
5 0.541359 0.347294 0.0096365 0.0494929
