3 0.835241 0.478002 0.0937311 0.152388
3 0.965439 0.711907 0.0691221 0.19746
0 0.500767 0.831022 0.145582 0.184839
6 0.852877 0.571484 0.0530842 0.0836065
4 0.49999 0.792766 0.0199162 0.0678125
7 0.841673 0.715088 0.0516993 0.0825918
4 0.235137 0.744736 0.016223 0.0547436
5 0.842576 0.331393 0.0145912 0.0935102
4 0.560483 0.575224 0.0211096 0.0211814
3 0.889448 0.974246 0.0942024 0.0452931
5 0.85551 0.337964 0.0134111 0.0746648
5 0.972566 0.34409 0.0352491 0.168216
5 0.81062 0.334952 0.0152729 0.0844466
3 0.836968 0.583075 0.0818455 0.094815
3 0.505887 0.581725 0.0286509 0.031774
5 0.820017 0.333799 0.0107716 0.0791213
7 0.811023 0.675117 0.0506531 0.0847786
3 0.931128 0.661111 0.0197659 0.0620504
7 0.819581 0.637835 0.033312 0.0663994
5 0.939956 0.334551 0.0141312 0.0684429
5 0.816534 0.334546 0.0162195 0.0834951
7 0.8624 0.652493 0.0256878 0.0505618
3 0.93824 0.66004 0.0353825 0.0621375
5 0.940468 0.341302 0.0166639 0.0870585
