3 0.851793 0.567287 0.172184 0.258155
5 0.925303 0.318007 0.0398125 0.216872
3 0.714265 0.660016 0.0900753 0.179529
4 0.495584 0.747824 0.034363 0.0775382
3 0.460304 0.562258 0.0343914 0.0720876
3 0.955894 0.650868 0.0816984 0.169044
3 0.796015 0.452503 0.0801872 0.10259
0 0.500216 0.730819 0.144141 0.384616
5 0.70811 0.326601 0.0173548 0.110918
5 0.787231 0.313932 0.0228273 0.132004
6 0.90419 0.718149 0.0445143 0.108182
5 0.820345 0.332697 0.0132095 0.0789989
5 0.763105 0.336436 0.0122036 0.0850962
6 0.728002 0.608272 0.058322 0.0939852
6 0.783181 0.653975 0.0419111 0.0946729
6 0.727629 0.575809 0.0601044 0.0851389
6 0.720785 0.775709 0.0591857 0.113062
1 0.498876 0.733436 0.140499 0.382928
