3 0.407272 0.363394 0.148894 0.256253
4 0.258591 0.499093 0.125456 0.140287
6 0.462776 0.481609 0.0453642 0.09813
7 0.462152 0.719896 0.0414323 0.0871965
6 0.671298 0.462962 0.0696419 0.102035
3 0.696896 0.335609 0.119448 0.200838
3 0.320872 0.549353 0.0723959 0.201421
7 0.587997 0.715465 0.0600529 0.0897
7 0.671351 0.604735 0.0587366 0.0850728
3 0.984186 0.345982 0.0304262 0.054766
3 0.564088 0.503448 0.0947205 0.176049
5 0.332219 0.0975435 0.0215425 0.138582
5 0.444863 0.0937039 0.020776 0.150624
7 0.668366 0.687846 0.063316 0.0830262
7 0.429669 0.573677 0.0393332 0.0986164
6 0.602141 0.487151 0.0955797 0.146892
5 0.258728 0.107497 0.0231824 0.12327
7 0.360914 0.704347 0.0513015 0.083049
5 0.712605 0.110188 0.0181522 0.137573
5 0.744748 0.11721 0.0142477 0.109592
5 0.62457 0.110217 0.0273958 0.160802
3 0.876531 0.241965 0.0193222 0.0660936
6 0.604285 0.401982 0.0264651 0.0852592
3 0.876809 0.310839 0.0172775 0.0489943
5 0.53676 0.132812 0.0152473 0.0976646
6 0.52759 0.389738 0.0248965 0.0811851
7 0.365564 0.608419 0.0200967 0.0682692
7 0.318447 0.677147 0.0384533 0.0552563
3 0.744772 0.244 0.0379694 0.0568979
5 0.413569 0.129759 0.0150005 0.0990704
6 0.356544 0.468167 0.0455766 0.0856479
6 0.31217 0.442761 0.0522058 0.104524
