3 0.904528 0.622163 0.190875 0.313628
3 0.614801 0.875795 0.169294 0.246485
3 0.47719 0.525902 0.108907 0.210193
6 0.489026 0.664277 0.0689942 0.109196
3 0.683919 0.483675 0.0789553 0.154673
7 0.490594 0.877312 0.0713474 0.108095
3 0.0104164 0.830435 0.0206429 0.13344
5 0.700891 0.27502 0.0317394 0.22137
5 0.454158 0.313582 0.0230194 0.132658
5 0.934468 0.274361 0.0647579 0.205286
3 0.548555 0.634559 0.076717 0.159434
3 0.659236 0.603278 0.0355106 0.0721456
5 0.840388 0.322396 0.0195683 0.108027
5 0.983065 0.287143 0.0338703 0.168788
5 0.545974 0.293846 0.0262987 0.192979
5 0.51392 0.331609 0.0120089 0.0934617
5 0.565576 0.334161 0.0127612 0.0888335
5 0.657497 0.329944 0.0131502 0.0772534
7 0.489609 0.787383 0.0605176 0.0997389
6 0.555344 0.731234 0.0399717 0.072239
5 0.725392 0.328824 0.0134882 0.0866173
6 0.849601 0.777324 0.127585 0.126146
7 0.858906 0.849382 0.0510925 0.0814698
