3 0.406711 0.362734 0.15015 0.256277
3 0.637705 0.600955 0.143024 0.244109
7 0.462837 0.719444 0.0451395 0.0907771
3 0.869208 0.244454 0.0347599 0.077609
3 0.698141 0.336338 0.115553 0.199982
3 0.31832 0.551006 0.0777803 0.210255
4 0.247493 0.496178 0.132894 0.13147
6 0.46244 0.480596 0.0457211 0.0977694
4 0.881705 0.853255 0.0572708 0.192185
3 0.570931 0.500687 0.107178 0.17142
3 0.983432 0.345551 0.0320412 0.0545275
6 0.59438 0.479226 0.0582689 0.0997951
3 0.872899 0.312229 0.0235752 0.0506332
5 0.332251 0.0957211 0.0220429 0.138527
5 0.445109 0.0924084 0.0205647 0.148957
7 0.589184 0.716032 0.0587931 0.0873051
7 0.429913 0.573155 0.0387827 0.10149
5 0.712638 0.110208 0.018152 0.137258
7 0.361226 0.704691 0.0502758 0.0794403
5 0.624667 0.108891 0.0269799 0.158651
5 0.744537 0.116972 0.0150055 0.113031
5 0.258066 0.106515 0.024157 0.122832
6 0.605677 0.397133 0.0244404 0.0821151
7 0.314996 0.672917 0.0430362 0.0635084
5 0.536865 0.133172 0.016004 0.0980108
6 0.527205 0.391258 0.0252827 0.0829731
6 0.683641 0.445391 0.0444308 0.0782349
5 0.413227 0.129144 0.0158906 0.09802
3 0.745109 0.242337 0.0371819 0.0598471
6 0.313114 0.4463 0.0499701 0.0992388
7 0.365482 0.608945 0.0212324 0.0684525
6 0.356689 0.468084 0.050924 0.0878621
