3 0.310347 0.551506 0.0597958 0.10873
3 0.765584 0.448806 0.0405823 0.0712424
3 0.112519 0.572819 0.0719286 0.118096
3 0.190812 0.465345 0.0786768 0.129543
3 0.18503 0.959886 0.101324 0.0701971
3 0.318565 0.433778 0.052989 0.0972914
3 0.258485 0.512627 0.0483126 0.086461
3 0.155332 0.427476 0.0578198 0.0859337
3 0.573677 0.364293 0.0165752 0.0325332
4 0.498322 0.793846 0.021307 0.0624691
5 0.146539 0.335037 0.0133632 0.0808585
5 0.331996 0.345185 0.015626 0.0674242
1 0.497312 0.718315 0.141471 0.408715
5 0.210728 0.334905 0.0123867 0.0769982
5 0.295889 0.337422 0.0102756 0.0705366
7 0.293014 0.618805 0.0291053 0.0466926
6 0.226579 0.527679 0.023763 0.0630184
5 0.318519 0.343433 0.00885855 0.0539678
1 0.49967 0.835569 0.145155 0.194103
6 0.121012 0.516292 0.0541162 0.0655883
6 0.293537 0.50593 0.03321 0.0511406
7 0.230524 0.642346 0.0239911 0.0515796
7 0.192292 0.579147 0.021833 0.0456131
7 0.128861 0.638565 0.0451673 0.0457164
5 0.329187 0.342816 0.0154444 0.0673078
