3 0.838356 0.755133 0.303075 0.489229
4 0.506796 0.775757 0.0242472 0.0881548
3 0.807477 0.477322 0.115937 0.115895
3 0.58648 0.949696 0.0873731 0.0906021
3 0.656184 0.786491 0.111502 0.269508
5 0.709552 0.263765 0.0329302 0.244472
5 0.755798 0.323976 0.0186823 0.115772
5 0.842105 0.324073 0.0207363 0.119206
5 0.962238 0.239305 0.0734472 0.427347
5 0.638339 0.305558 0.0204031 0.157477
5 0.665345 0.319144 0.0180199 0.130358
4 0.395265 0.610016 0.0246804 0.0223509
6 0.653875 0.698648 0.0529922 0.111301
6 0.670161 0.623821 0.0302601 0.0618515
0 0.500541 0.735258 0.144859 0.37634
1 0.499787 0.732293 0.14221 0.399512
5 0.668207 0.321909 0.0168329 0.127373
