3 0.0585602 0.52475 0.11712 0.213521
3 0.23559 0.62621 0.0871569 0.149009
3 0.2329 0.45614 0.0715802 0.125422
3 0.668381 0.536791 0.0276207 0.0433827
3 0.815114 0.492506 0.0231045 0.0414987
3 0.59959 0.391731 0.0225472 0.0399572
3 0.644889 0.390539 0.0197897 0.0365689
1 0.499688 0.833584 0.145633 0.191761
3 0.577217 0.424431 0.0204923 0.034123
3 0.633401 0.428781 0.0225117 0.0456956
3 0.13994 0.572702 0.0594206 0.124008
5 0.0832331 0.332117 0.0346207 0.137827
5 0.254476 0.33577 0.0156491 0.0911917
4 0.750954 0.970937 0.074124 0.0543017
4 0.690739 0.469856 0.0181848 0.0176054
3 0.617054 0.423027 0.016469 0.0386476
6 0.0150163 0.628923 0.0298131 0.0759263
5 0.214622 0.327862 0.0154367 0.091931
7 0.0178649 0.814781 0.0355659 0.0500461
3 0.566422 0.446561 0.0148486 0.0248392
7 0.211456 0.725056 0.0491392 0.0786738
5 0.155814 0.339452 0.013657 0.0701425
3 0.538634 0.451866 0.0140661 0.0293991
6 0.205823 0.572735 0.0482165 0.0720276
6 0.248246 0.52587 0.0352846 0.0525251
3 0.620841 0.42361 0.0196051 0.0422911
6 0.107423 0.616045 0.0288169 0.0967118
5 0.226901 0.337971 0.012043 0.0683871
