0 0.49976 0.834029 0.146285 0.186255
3 0.149966 0.712616 0.0645979 0.106576
3 0.302451 0.549797 0.0307164 0.0571509
3 0.664874 0.511434 0.0462236 0.0879899
3 0.853478 0.514347 0.0288265 0.0468803
3 0.550181 0.49007 0.0349247 0.0734897
3 0.591249 0.427922 0.0459051 0.0837379
3 0.635064 0.477493 0.0346109 0.0683504
3 0.681448 0.417752 0.0448904 0.0750367
4 0.488569 0.515947 0.0176304 0.0163868
5 0.610104 0.345729 0.00851612 0.0627838
5 0.663971 0.340988 0.00932655 0.0528212
5 0.545952 0.346629 0.00841122 0.0452011
7 0.647518 0.556633 0.0218814 0.0359329
5 0.689714 0.342594 0.010763 0.0490051
7 0.554433 0.532281 0.0226453 0.0328541
5 0.561976 0.346824 0.00783596 0.0488563
5 0.58536 0.349238 0.00834198 0.0515506
