3 0.0600082 0.560876 0.0788017 0.115787
3 0.237571 0.420581 0.0496916 0.0914647
3 0.0656432 0.438781 0.0669089 0.0951888
3 0.253812 0.521003 0.052581 0.0934849
3 0.416791 0.557754 0.0309639 0.0601089
3 0.161653 0.448275 0.0702551 0.112013
3 0.746609 0.680814 0.0269815 0.0507553
3 0.660209 0.456708 0.0146542 0.0265257
3 0.467772 0.43864 0.0127368 0.0242295
3 0.508643 0.384881 0.0186125 0.0342704
3 0.536855 0.416694 0.0197294 0.0361338
3 0.546172 0.382225 0.0145809 0.0308396
6 0.0563707 0.49007 0.036796 0.0383545
7 0.0885455 0.617759 0.0467337 0.0434517
6 0.139514 0.519762 0.019566 0.0690458
5 0.0142088 0.339224 0.0128571 0.0728709
6 0.238975 0.491647 0.0280399 0.0461711
5 0.262792 0.339776 0.00976747 0.059755
5 0.184872 0.336153 0.0117314 0.0615305
5 0.04141 0.342346 0.0191759 0.0780415
5 0.0672481 0.342138 0.0117875 0.058797
6 0.252195 0.467806 0.0231279 0.0394166
5 0.0177517 0.341932 0.0193967 0.0738998
7 0.242924 0.579188 0.031301 0.0474217
5 0.0650398 0.342303 0.0107609 0.063359
5 0.0413759 0.338502 0.0135672 0.072138
5 0.230057 0.343179 0.00827942 0.0456059
6 0.0796781 0.515406 0.0413297 0.0516212
5 0.247714 0.34116 0.0119258 0.0584847
5 0.124263 0.338845 0.0131597 0.0680499
6 0.0527095 0.488896 0.0365446 0.0320946
4 0.678421 0.517373 0.0110824 0.0189684
