4 0.443750 0.918056 0.078125 0.047222
4 0.639844 0.843056 0.048438 0.097222
7 0.378906 0.791667 0.076563 0.083333
6 0.340625 0.602778 0.071875 0.088889
6 0.347656 0.545833 0.060937 0.102778
6 0.592969 0.513889 0.054688 0.088889
6 0.634375 0.543056 0.050000 0.102778
7 0.397656 0.658333 0.029687 0.077778
3 0.498437 0.584722 0.100000 0.175000
3 0.625781 0.688889 0.089063 0.161111
3 0.184375 0.040278 0.053125 0.075000
3 0.354687 0.037500 0.053125 0.069444
3 0.025000 0.034722 0.046875 0.063889
3 0.663281 0.038889 0.051562 0.072222
3 0.732031 0.041667 0.054688 0.077778
4 0.588281 0.205556 0.010937 0.038889
4 0.519531 0.247222 0.020313 0.022222
4 0.378906 0.222222 0.023438 0.027778
7 0.403906 0.209722 0.026562 0.041667
0 0.112500 0.341667 0.084375 0.044444
