3 0.72718 0.535872 0.0533676 0.0945819
3 0.566417 0.541713 0.0573328 0.102299
3 0.670777 0.452306 0.0672018 0.112407
0 0.498344 0.850249 0.166838 0.185123
3 0.0804044 0.402438 0.0370318 0.0504152
3 0.11809 0.444242 0.0283141 0.0458509
3 0.0253718 0.454036 0.0367319 0.0586994
3 0.600887 0.498175 0.0427999 0.0760069
3 0.548032 0.429744 0.0500655 0.0857051
3 0.0810963 0.460173 0.021799 0.0395784
5 0.545159 0.344531 0.00931225 0.0539061
5 0.533173 0.343307 0.00842454 0.0485008
5 0.653283 0.341302 0.0099535 0.0642834
6 0.721331 0.492165 0.0371794 0.0523419
6 0.542385 0.474848 0.026519 0.0360417
5 0.620301 0.349111 0.00733604 0.0482405
3 0.684951 0.409773 0.0415394 0.0522603
3 0.0312221 0.448893 0.0367469 0.0582148
6 0.64257 0.50821 0.0220613 0.0510534
6 0.584923 0.504097 0.0247635 0.0569455
3 0.013309 0.456913 0.0224149 0.0536783
