3 0.609135 0.41374 0.034704 0.0476357
3 0.557062 0.45986 0.0299016 0.0567708
3 0.660879 0.495063 0.0193169 0.0359769
3 0.638222 0.456908 0.0272402 0.0568065
3 0.545393 0.406844 0.0295721 0.0331414
4 0.944023 0.612241 0.0334694 0.0305677
4 0.912732 0.597032 0.0291311 0.0329523
4 0.468464 0.487593 0.0143927 0.014915
4 0.498686 0.77866 0.0206814 0.082032
4 0.437452 0.488719 0.0152054 0.015123
4 0.794726 0.535916 0.021463 0.0215351
4 0.71541 0.511843 0.0174705 0.0160821
3 0.576113 0.444337 0.0227673 0.049652
4 0.944482 0.609282 0.0325867 0.0445902
