3 0.407411 0.362249 0.148782 0.256295
3 0.638242 0.610777 0.141829 0.224832
4 0.888669 0.852099 0.0724731 0.21414
7 0.46332 0.719695 0.0434923 0.0897561
4 0.253754 0.497894 0.126949 0.132505
3 0.700929 0.335061 0.119565 0.20348
3 0.866105 0.243517 0.0408886 0.0761716
3 0.320489 0.550197 0.0722495 0.199975
6 0.462952 0.48184 0.0458929 0.0958316
6 0.593171 0.479657 0.0577806 0.0988385
3 0.983626 0.346209 0.0317219 0.0555191
3 0.570029 0.500499 0.105901 0.172417
7 0.58893 0.71638 0.0582191 0.0875809
5 0.444979 0.0920242 0.020333 0.148674
3 0.871635 0.314466 0.0251152 0.0548866
5 0.332373 0.095651 0.0214159 0.140219
7 0.3612 0.702982 0.0504272 0.0820587
7 0.429731 0.574333 0.0393593 0.0999705
5 0.258285 0.107205 0.0233611 0.123571
5 0.744502 0.116689 0.0142096 0.109468
5 0.624737 0.108915 0.0265293 0.158218
5 0.712275 0.110911 0.018548 0.138289
6 0.606071 0.396 0.0236591 0.07743
5 0.537004 0.132613 0.015773 0.0977207
6 0.527179 0.391929 0.0243015 0.0842148
6 0.689247 0.444275 0.0538706 0.0663244
7 0.317919 0.675717 0.0389389 0.0571157
3 0.744675 0.243242 0.0388073 0.0592316
5 0.413266 0.129077 0.0154363 0.0949493
7 0.365297 0.605937 0.0213263 0.0722065
4 0.98249 0.399486 0.0114716 0.0429181
6 0.356833 0.46955 0.0474673 0.083204
6 0.313335 0.444084 0.0503733 0.102233
