1 0.498698 0.725806 0.154688 0.453629
3 0.422917 0.485383 0.032292 0.047379
3 0.660677 0.550907 0.073438 0.123992
3 0.771094 0.462198 0.065104 0.128024
3 0.834115 0.549395 0.065104 0.106855
3 0.645573 0.430948 0.044271 0.109879
3 0.700000 0.508065 0.046875 0.088710
3 0.221354 0.394657 0.025000 0.049395
3 0.237760 0.439516 0.028646 0.050403
3 0.279948 0.402218 0.026562 0.056452
3 0.298958 0.436996 0.022917 0.043347
3 0.312240 0.487903 0.014063 0.046371
4 0.140625 0.489919 0.019792 0.018145
4 0.491667 0.791331 0.034375 0.084677
5 0.742188 0.373488 0.256250 0.115927
6 0.744271 0.483367 0.250000 0.097782
7 0.748177 0.608367 0.245312 0.134073
8 0.734896 0.682460 0.250000 0.169355
