3 0.407059 0.36214 0.149259 0.256577
4 0.260537 0.497994 0.120486 0.140068
6 0.462546 0.481484 0.0445678 0.0972307
7 0.463401 0.72034 0.0437111 0.0887218
6 0.67171 0.464121 0.0697227 0.10171
3 0.698148 0.335042 0.122072 0.200709
7 0.67058 0.604188 0.0569184 0.0806575
3 0.321176 0.550261 0.0727921 0.199299
7 0.588364 0.715903 0.0583452 0.0892916
6 0.600518 0.487403 0.0924662 0.147613
3 0.5638 0.502844 0.0948977 0.176512
3 0.983486 0.346086 0.0319456 0.0557811
5 0.332348 0.0981267 0.021535 0.142745
5 0.445 0.0928484 0.020298 0.149319
7 0.667623 0.689235 0.0621486 0.0833245
5 0.25901 0.107334 0.0227078 0.12231
7 0.42983 0.573084 0.0394358 0.0991421
5 0.712764 0.11041 0.018544 0.13798
7 0.360545 0.703816 0.0510336 0.0836182
5 0.744762 0.117079 0.0141547 0.110119
3 0.876621 0.243919 0.018922 0.0671094
6 0.604036 0.401076 0.0259125 0.0864023
5 0.62486 0.109092 0.0269382 0.156928
5 0.536814 0.13297 0.015202 0.097482
7 0.316848 0.67537 0.0364038 0.0496489
3 0.87517 0.310212 0.0182224 0.0476499
7 0.36558 0.608289 0.0211809 0.0698539
3 0.744238 0.243332 0.03729 0.0581905
5 0.413402 0.128494 0.0154181 0.0963885
6 0.527552 0.389684 0.0238736 0.0811186
6 0.356148 0.469318 0.0455006 0.0826035
5 0.621233 0.113298 0.0186052 0.147344
4 0.983112 0.397266 0.0106842 0.0425317
4 0.59816 0.488645 0.0864735 0.148714
