3 0.745003 0.510394 0.0504789 0.0814636
3 0.930657 0.432211 0.0679886 0.0936064
3 0.459406 0.574439 0.041016 0.0710744
3 0.830619 0.439587 0.0682884 0.103555
3 0.929391 0.543067 0.0711189 0.104889
3 0.765763 0.420316 0.0462265 0.0761792
3 0.492239 0.514994 0.0297024 0.0522508
4 0.432914 0.631378 0.0230755 0.034071
6 0.908462 0.499803 0.0402958 0.044595
4 0.491847 0.56371 0.0102499 0.0437896
6 0.755472 0.474535 0.0282749 0.0438668
3 0.844527 0.504421 0.0413239 0.0605107
5 0.73733 0.343972 0.00977421 0.0459722
7 0.902531 0.5965 0.0440241 0.0374059
0 0.500107 0.762141 0.159199 0.36946
5 0.970574 0.342478 0.0131546 0.0547417
5 0.862288 0.341524 0.00976334 0.0505841
7 0.754898 0.563636 0.0306602 0.0417512
5 0.943961 0.340095 0.0113029 0.0575138
6 0.748708 0.468031 0.0305365 0.0413867
