3 0.769158 0.519706 0.0530024 0.0912934
3 0.638878 0.490752 0.0381685 0.0790504
3 0.688854 0.429457 0.0493291 0.0877874
3 0.466704 0.412966 0.0192709 0.0340814
3 0.509511 0.413615 0.0153694 0.0346475
3 0.78912 0.422413 0.0485463 0.0826306
3 0.480973 0.96287 0.100293 0.069445
1 0.49926 0.836342 0.146665 0.191353
3 0.730758 0.4833 0.0359669 0.0685013
5 0.70716 0.347666 0.00888939 0.0591249
3 0.462277 0.380571 0.0172791 0.0292912
3 0.494091 0.381568 0.0189542 0.0289081
4 0.49851 0.795562 0.0194833 0.0664721
6 0.70723 0.477651 0.0125587 0.0502971
7 0.643231 0.53695 0.0252309 0.0370047
7 0.749791 0.567473 0.0235468 0.0376035
3 0.406983 0.422793 0.0114506 0.020922
5 0.810225 0.342847 0.00998764 0.0542947
5 0.770799 0.340734 0.00899963 0.0515428
3 0.663313 0.404045 0.0277797 0.0554361
3 0.460563 0.377159 0.0144434 0.0278416
5 0.635917 0.345833 0.0102165 0.058603
5 0.796379 0.342338 0.00938587 0.0464317
5 0.669555 0.345631 0.00966415 0.0553
3 0.47811 0.411408 0.016466 0.0343109
5 0.753464 0.345847 0.00809536 0.0434364
5 0.720878 0.35486 0.00886841 0.0506089
5 0.808784 0.343245 0.00948257 0.0500724
6 0.79142 0.466384 0.0257657 0.0319517
7 0.690562 0.544996 0.0324017 0.0364797
6 0.753742 0.475853 0.0249463 0.0405521
