3 0.809747 0.53005 0.141088 0.231168
3 0.964504 0.726831 0.0709926 0.203297
3 0.6998 0.456624 0.0745368 0.134692
3 0.957901 0.485289 0.0841972 0.205136
3 0.330544 0.473176 0.0184975 0.0316164
3 0.656063 0.628618 0.0894205 0.172104
0 0.499008 0.759704 0.160603 0.35633
3 0.374207 0.428078 0.0207229 0.037175
3 0.366871 0.389156 0.0200268 0.033935
3 0.436071 0.426673 0.0210354 0.0393413
4 0.253672 0.489366 0.0183426 0.0137154
3 0.408961 0.391852 0.0213985 0.036295
3 0.39442 0.424906 0.0169829 0.0364453
3 0.427331 0.391866 0.0153166 0.0304631
