3 0.882371 0.298684 0.127741 0.21366
7 0.914815 0.606455 0.0695238 0.105013
3 0.89043 0.469842 0.105734 0.163901
7 0.865628 0.578994 0.065044 0.0929068
6 0.914303 0.396909 0.0682203 0.0999318
4 0.869453 0.708625 0.0741253 0.0967884
5 0.878633 0.0706115 0.0197205 0.126386
5 0.83157 0.0870499 0.0202253 0.121498
5 0.845577 0.102473 0.0157848 0.0971239
5 0.843218 0.103354 0.0211378 0.110085
5 0.89724 0.100895 0.0157385 0.0870629
5 0.835011 0.0934047 0.0231712 0.124829
5 0.8975 0.104955 0.0211159 0.0940098
5 0.832616 0.072538 0.0178272 0.0909217
