3 0.568296 0.6027 0.0370552 0.0588505
3 0.82417 0.498649 0.0231838 0.0413004
3 0.107435 0.437965 0.0639575 0.101332
3 0.0464867 0.575487 0.0867677 0.125778
3 0.560419 0.479394 0.0177792 0.0349042
3 0.65488 0.43493 0.0258917 0.0481596
4 0.497139 0.794732 0.024165 0.0695184
3 0.618549 0.395095 0.0240025 0.0422868
3 0.676397 0.395166 0.0225359 0.0391136
5 0.0684904 0.343061 0.0193352 0.0797799
5 0.11153 0.344009 0.0131506 0.0716119
5 0.00464712 0.34532 0.00901345 0.0995743
6 0.104862 0.494117 0.0349776 0.0471928
7 0.0175192 0.645767 0.0262331 0.0496018
3 0.0527427 0.500765 0.0573541 0.0451375
3 0.601144 0.428418 0.0213238 0.0386592
5 0.0258374 0.345004 0.0128134 0.0618858
