0 0.499737 0.832568 0.14649 0.184385
3 0.195597 0.625465 0.0926309 0.151731
3 0.0358829 0.494271 0.0717658 0.179193
3 0.278559 0.453172 0.0666902 0.121099
3 0.132198 0.449155 0.0620271 0.113464
3 0.36478 0.520174 0.0241626 0.0429914
4 0.916681 0.836434 0.0488825 0.0882066
3 0.246063 0.551757 0.0553094 0.0929705
5 0.145186 0.33355 0.0215858 0.103844
5 0.00912484 0.326876 0.0178808 0.107603
5 0.0926373 0.339569 0.0125423 0.0731808
5 0.222066 0.334441 0.0143776 0.0951286
6 0.0565901 0.580415 0.0607416 0.0720762
5 0.28682 0.340381 0.0138185 0.0786523
3 0.04526 0.388765 0.0217796 0.0327384
6 0.152718 0.564362 0.016763 0.0694202
