6 0.876136 0.595251 0.0639935 0.0960273
3 0.848212 0.494158 0.110821 0.16587
3 0.965801 0.468842 0.0683973 0.137742
3 0.842727 0.602179 0.0974503 0.10873
7 0.864833 0.757257 0.0657713 0.0933187
3 0.986755 0.725714 0.0264908 0.203578
5 0.817049 0.335556 0.0167381 0.0932683
7 0.868706 0.67598 0.0242491 0.0486131
5 0.86121 0.328107 0.0223881 0.101473
7 0.817514 0.701955 0.0472126 0.0728116
7 0.820662 0.665641 0.0406185 0.0747473
5 0.947061 0.336747 0.0147959 0.0687559
7 0.818216 0.717192 0.0493219 0.105309
0 0.499223 0.767086 0.160248 0.364222
7 0.847576 0.731779 0.107348 0.13188
0 0.500463 0.851438 0.162135 0.185724
