3 0.409887 0.425105 0.197789 0.337053
3 0.679079 0.65805 0.169899 0.286459
3 0.666447 0.343749 0.118523 0.21667
3 0.220877 0.635471 0.147981 0.255307
3 0.791185 0.293626 0.0185884 0.0392519
5 0.711778 0.0747501 0.0327928 0.143999
6 0.490135 0.555855 0.0357074 0.111742
3 0.312276 0.31841 0.0969219 0.214403
5 0.772407 0.0768599 0.029623 0.146399
3 0.5126 0.497506 0.0624735 0.186918
5 0.669323 0.0982375 0.01908 0.117439
3 0.524668 0.235307 0.0243248 0.0516544
5 0.735908 0.0868131 0.0242135 0.136339
5 0.548352 0.12383 0.0173961 0.127013
6 0.644088 0.537814 0.105127 0.12939
5 0.457575 0.112724 0.014814 0.103336
6 0.723287 0.472899 0.0573897 0.0778164
6 0.694221 0.439263 0.0630059 0.108739
6 0.231822 0.526022 0.108757 0.101377
6 0.612618 0.442785 0.0217602 0.0589261
6 0.338482 0.5503 0.0570674 0.122256
6 0.633827 0.820598 0.101104 0.113713
