3 0.844643 0.56568 0.0372494 0.0607168
3 0.642399 0.422116 0.045956 0.0815631
3 0.711813 0.519694 0.0499632 0.0938436
3 0.0867715 0.614384 0.038124 0.0731486
3 0.784198 0.429499 0.0534897 0.0926785
3 0.698361 0.413407 0.0343542 0.0700544
3 0.640587 0.486052 0.0388926 0.0650827
3 0.761286 0.494397 0.0449696 0.0729334
4 0.24081 0.751312 0.030426 0.0417001
5 0.789169 0.343241 0.00953191 0.0564599
5 0.64631 0.344887 0.0088178 0.0500256
5 0.741287 0.341644 0.00884972 0.0517224
5 0.761544 0.346484 0.00850576 0.0495706
5 0.629391 0.344174 0.00855789 0.0455561
5 0.739814 0.343151 0.00814953 0.0584534
5 0.68552 0.348426 0.00862401 0.0547536
