3 0.968821 0.460739 0.0623589 0.132468
3 0.871907 0.602895 0.0938366 0.137948
3 0.629617 0.429365 0.0122608 0.0245853
3 0.744377 0.454137 0.0701136 0.114918
3 0.806265 0.433521 0.050889 0.0920451
3 0.677254 0.385784 0.0191801 0.0290241
3 0.677565 0.42038 0.0199955 0.0327591
6 0.764472 0.51813 0.0361675 0.0615814
3 0.724532 0.528674 0.0586588 0.0951648
5 0.756762 0.337378 0.00866432 0.0652007
5 0.907556 0.342037 0.012262 0.0555665
7 0.72198 0.598675 0.0407969 0.0712284
5 0.856195 0.340587 0.0154659 0.0831264
5 0.782195 0.344194 0.00986557 0.0512561
5 0.935432 0.335398 0.0148609 0.0786211
7 0.828956 0.652905 0.0215116 0.0480474
5 0.71046 0.342225 0.00925808 0.0556125
6 0.836593 0.537894 0.0268099 0.062323
6 0.961598 0.533146 0.0631874 0.0580952
7 0.762112 0.634374 0.0341665 0.0505266
5 0.959 0.342008 0.0124159 0.0639856
3 0.709226 0.387602 0.0187432 0.0309421
7 0.956194 0.644161 0.0593899 0.048032
0 0.498067 0.760394 0.161782 0.374543
5 0.721325 0.339735 0.00985565 0.0572939
6 0.765958 0.528072 0.0346274 0.0769367
3 0.704399 0.415364 0.0167266 0.0316649
7 0.899077 0.668957 0.0341438 0.0377967
3 0.899994 0.536419 0.0545965 0.0903303
5 0.827699 0.344017 0.00919762 0.0510846
7 0.909271 0.663826 0.0198856 0.0381956
5 0.933032 0.340848 0.020232 0.0946203
5 0.729608 0.340051 0.00753746 0.0575361
