3 0.927281 0.485124 0.105718 0.155864
3 0.484195 0.501889 0.0205618 0.0408036
3 0.380311 0.388589 0.020767 0.034491
3 0.391072 0.425171 0.0217672 0.0363748
3 0.779143 0.575973 0.0755442 0.123455
3 0.775508 0.443161 0.0621728 0.106023
3 0.854766 0.53605 0.0438732 0.101062
3 0.216192 0.497582 0.022965 0.0424764
3 0.42306 0.390339 0.0187213 0.0387613
4 0.399187 0.668717 0.0200019 0.0444999
4 0.505693 0.788496 0.0252934 0.0735912
5 0.76003 0.340062 0.0136074 0.0743335
7 0.870025 0.683897 0.020293 0.0482906
7 0.794914 0.646876 0.0351101 0.0541067
5 0.795001 0.335744 0.0118082 0.0739181
4 0.33681 0.461854 0.0155921 0.0103864
5 0.896092 0.336231 0.0216679 0.0983009
7 0.9458 0.703051 0.0310223 0.0445269
5 0.985884 0.332759 0.0241608 0.101654
3 0.982485 0.445906 0.0350293 0.107776
6 0.802983 0.529076 0.0368962 0.0655347
1 0.500397 0.833762 0.145748 0.199364
5 0.838655 0.344045 0.0112202 0.0624643
6 0.763615 0.493617 0.029377 0.0510864
5 0.779489 0.340037 0.00937748 0.0551099
3 0.983011 0.431463 0.0336006 0.0780701
3 0.982692 0.474681 0.0344427 0.164228
