3 0.519126 0.42602 0.0434032 0.0875654
3 0.574374 0.513199 0.0254143 0.0460048
3 0.905257 0.797371 0.0857796 0.136527
0 0.500657 0.833233 0.148039 0.186251
3 0.403673 0.42083 0.0475501 0.0850967
3 0.48375 0.410749 0.0325296 0.068778
3 0.428268 0.479733 0.0362664 0.0659073
3 0.530054 0.490226 0.0366666 0.071375
3 0.69151 0.466814 0.0189886 0.0329859
3 0.614215 0.423433 0.0126631 0.0260486
3 0.551861 0.384245 0.0179296 0.0340417
5 0.461694 0.343459 0.0110003 0.0625436
3 0.573558 0.412589 0.0163691 0.0324244
5 0.535881 0.341767 0.00987012 0.0516416
5 0.533743 0.342624 0.00891244 0.0445106
3 0.575437 0.382344 0.015823 0.0329477
5 0.513965 0.34117 0.0078474 0.0502371
5 0.392576 0.346554 0.0091507 0.055558
3 0.643987 0.440259 0.0134974 0.0287955
3 0.522585 0.453761 0.0430973 0.0444121
7 0.405987 0.540669 0.0286851 0.0483548
5 0.431322 0.344502 0.0104977 0.0505726
