3 0.0266727 0.532988 0.0532868 0.208055
3 0.180771 0.634334 0.0923334 0.153155
3 0.167982 0.462585 0.0812989 0.128512
7 0.159629 0.731412 0.051894 0.0775671
3 0.0675423 0.58749 0.0693356 0.132278
6 0.0473146 0.616572 0.0388667 0.0784194
4 0.499848 0.788096 0.0201347 0.0723809
5 0.0150607 0.325005 0.0301214 0.134709
5 0.160505 0.327926 0.0162587 0.0964471
5 0.197391 0.333644 0.0169623 0.0882875
7 0.0615171 0.792158 0.0295094 0.0519813
4 0.305332 0.55242 0.0236249 0.0179356
6 0.145953 0.584037 0.0469988 0.0753854
0 0.499831 0.834534 0.144889 0.179774
6 0.154617 0.578755 0.0459133 0.0756039
5 0.0754865 0.337736 0.0155001 0.0735586
6 0.194513 0.531831 0.0321058 0.0510956
