3 0.334491 0.927434 0.11433 0.14483
0 0.498534 0.752409 0.16284 0.373837
3 0.0842439 0.595946 0.0951645 0.135848
3 0.292539 0.652233 0.0352903 0.0788378
3 0.216821 0.45075 0.0731062 0.11474
3 0.244634 0.527262 0.0560162 0.0969126
3 0.0135356 0.46611 0.0270712 0.116781
3 0.281983 0.388253 0.0201502 0.0329753
3 0.162975 0.431147 0.0472406 0.0960088
3 0.31351 0.385944 0.0168283 0.0280063
3 0.311353 0.420258 0.0179785 0.0334046
5 0.24116 0.341677 0.0115243 0.0598945
6 0.197254 0.514463 0.0324696 0.0572174
6 0.122877 0.536277 0.031021 0.0629208
5 0.202293 0.340025 0.0129539 0.0686996
3 0.252787 0.417989 0.0184851 0.0334534
5 0.1875 0.345172 0.00987039 0.0543678
3 0.0648546 0.522897 0.0650345 0.0794627
