3 0.406785 0.362199 0.149329 0.258555
3 0.636558 0.600906 0.140821 0.244262
4 0.885609 0.854563 0.0722977 0.196956
4 0.2653 0.527 0.132015 0.143662
7 0.46248 0.72052 0.0430603 0.0898559
3 0.865256 0.243113 0.0426624 0.075826
6 0.462776 0.481907 0.0455629 0.0968426
3 0.698689 0.336543 0.116402 0.201061
7 0.589296 0.716632 0.0571825 0.0886593
3 0.983449 0.345543 0.0319294 0.0558587
3 0.324043 0.557989 0.0633387 0.183957
6 0.594018 0.478573 0.0577241 0.096803
5 0.332265 0.097417 0.0218467 0.136763
3 0.870619 0.313752 0.027182 0.0549486
5 0.444847 0.0922101 0.0199825 0.147905
3 0.570235 0.501289 0.10666 0.171492
7 0.42888 0.573611 0.0386607 0.100305
5 0.258373 0.105003 0.0231492 0.119395
7 0.360682 0.705873 0.0527063 0.0854708
5 0.744491 0.116105 0.0144215 0.111064
5 0.712294 0.110504 0.0180975 0.136583
5 0.624472 0.109517 0.025631 0.158949
6 0.683455 0.445995 0.0441719 0.0606622
5 0.536964 0.132032 0.0151422 0.0965483
6 0.605388 0.397943 0.0240696 0.0837247
6 0.527073 0.390067 0.0244572 0.0790361
3 0.744607 0.242291 0.0386255 0.0570396
6 0.355002 0.469082 0.0532272 0.0927702
5 0.413247 0.130031 0.0158541 0.0977684
7 0.365215 0.61019 0.0211935 0.0721334
