3 0.455222 0.513023 0.0242332 0.0442301
0 0.499919 0.832928 0.146456 0.184513
3 0.821695 0.576379 0.038294 0.0653538
3 0.509178 0.495449 0.0386968 0.0791907
3 0.638232 0.419435 0.0391722 0.0743225
3 0.560684 0.430847 0.045904 0.0891139
3 0.528647 0.412744 0.0330217 0.0689783
3 0.211088 0.463186 0.0180218 0.0295468
3 0.289607 0.38473 0.0168002 0.0305489
3 0.588471 0.478811 0.0266588 0.0677684
3 0.455461 0.454068 0.0147733 0.0279018
3 0.37039 0.436709 0.0124737 0.0255954
3 0.328207 0.383963 0.0182258 0.0305695
3 0.350553 0.415729 0.0174164 0.0355297
3 0.299976 0.419217 0.0179454 0.0361203
5 0.653745 0.346029 0.00975227 0.0560922
6 0.512385 0.462689 0.0317377 0.0362472
5 0.632383 0.340909 0.00922756 0.0506368
3 0.314204 0.414965 0.0162164 0.0356886
5 0.539266 0.343733 0.00942732 0.0632892
5 0.578642 0.347391 0.0086942 0.0637362
5 0.605016 0.34605 0.00830536 0.0405512
7 0.639986 0.539465 0.0245386 0.0371959
7 0.616808 0.553254 0.0231394 0.0462034
4 0.149883 0.480911 0.0189973 0.0190758
3 0.330225 0.380248 0.0223419 0.0291034
5 0.540923 0.346803 0.0104916 0.0661541
6 0.619594 0.472472 0.0255878 0.0436897
5 0.636395 0.343772 0.00971355 0.0562053
7 0.632004 0.547501 0.0345447 0.0440227
6 0.544569 0.485182 0.0129731 0.0433191
5 0.513248 0.344989 0.00918102 0.0568497
6 0.642135 0.466651 0.0245829 0.0410559
7 0.637316 0.544808 0.0278427 0.0433055
7 0.619491 0.549421 0.0226381 0.0455848
