7 0.703273 0.897422 0.0700609 0.0973329
3 0.751318 0.589601 0.167525 0.280394
6 0.797724 0.768887 0.0834471 0.14336
4 0.50227 0.79201 0.0275135 0.080617
7 0.695301 0.804114 0.0579667 0.122671
3 0.859551 0.498065 0.0859774 0.168544
3 0.50735 0.49959 0.0203898 0.0422008
5 0.782229 0.29093 0.0280169 0.193714
3 0.704065 0.693751 0.0952192 0.159683
3 0.614194 0.436 0.0154236 0.028146
5 0.890988 0.328304 0.0173435 0.102882
3 0.661475 0.426063 0.0192307 0.0378834
5 0.690021 0.313693 0.0293415 0.138601
3 0.662568 0.389658 0.0204532 0.0358976
3 0.549195 0.468321 0.0161499 0.0315109
5 0.807399 0.329268 0.015748 0.0988562
5 0.717205 0.327861 0.0135202 0.0993415
0 0.500778 0.835974 0.145541 0.182981
5 0.695263 0.307823 0.0172785 0.139095
6 0.887321 0.603538 0.0205109 0.0826097
0 0.501133 0.729489 0.146152 0.407968
