3 0.407214 0.36323 0.149495 0.256836
3 0.665047 0.609034 0.144351 0.251122
7 0.462796 0.719772 0.0426558 0.089974
4 0.257185 0.499209 0.12554 0.132282
3 0.696893 0.337303 0.116381 0.202845
6 0.462496 0.481748 0.0453446 0.0968349
3 0.322246 0.550722 0.0692203 0.203153
7 0.58866 0.714866 0.0546516 0.0845032
3 0.983853 0.34547 0.0310829 0.0541681
5 0.332237 0.0967279 0.0218102 0.142292
6 0.599734 0.486076 0.092075 0.143832
5 0.44503 0.0911482 0.0203917 0.147901
7 0.429186 0.573299 0.0381546 0.0998361
3 0.563124 0.50143 0.092895 0.173981
5 0.258433 0.105657 0.022781 0.122975
7 0.360552 0.702686 0.0517626 0.0823822
5 0.744688 0.117148 0.0138689 0.10969
5 0.712921 0.110237 0.019906 0.135228
6 0.686119 0.446466 0.0466391 0.0685272
6 0.604109 0.400952 0.0252908 0.0845333
5 0.624377 0.109068 0.0270946 0.157644
5 0.537288 0.132772 0.0153744 0.0972694
6 0.527075 0.390271 0.0253776 0.0815352
5 0.41374 0.129244 0.014378 0.0954685
3 0.876947 0.23952 0.0183735 0.0626586
7 0.32023 0.67704 0.0334628 0.0513181
7 0.365158 0.607822 0.0210641 0.0680702
6 0.356302 0.468298 0.0473445 0.0848679
3 0.744921 0.243264 0.0379396 0.0570443
5 0.619311 0.12816 0.0182211 0.11856
3 0.787763 0.294567 0.0216248 0.0365852
4 0.982732 0.397252 0.0109383 0.0435107
6 0.720484 0.420981 0.0320858 0.0546744
3 0.786367 0.299997 0.0240438 0.0468919
