3 0.806698 0.517152 0.126385 0.213826
3 0.63275 0.316451 0.111808 0.197237
3 0.92665 0.466791 0.105768 0.174771
3 0.775145 0.298984 0.0954464 0.158979
7 0.663105 0.598035 0.0637197 0.0894224
3 0.956713 0.313671 0.086574 0.221837
0 0.43739 0.884904 0.321287 0.229804
3 0.641388 0.478214 0.0926735 0.146137
7 0.620731 0.57918 0.0576782 0.0843326
4 0.492141 0.63005 0.057242 0.0824194
6 0.951846 0.392135 0.0689424 0.097698
6 0.658071 0.404578 0.0595514 0.0869557
7 0.855779 0.619274 0.0277201 0.087301
7 0.942179 0.598708 0.0751629 0.0939778
7 0.750037 0.61195 0.0234865 0.0820725
5 0.755051 0.0960422 0.020916 0.160696
7 0.958143 0.538012 0.0396053 0.075315
5 0.625595 0.113932 0.0202164 0.135586
5 0.865538 0.083038 0.019792 0.148261
6 0.888547 0.377845 0.0314131 0.0694288
7 0.676892 0.548678 0.0204623 0.0403902
6 0.753045 0.404714 0.0201845 0.0848353
7 0.8851 0.543845 0.0270046 0.0527178
5 0.587852 0.128286 0.0227798 0.127837
6 0.859476 0.39685 0.0281952 0.0830394
5 0.644715 0.138864 0.0185328 0.0884145
5 0.735384 0.143681 0.0140083 0.0927378
5 0.813839 0.13601 0.0172466 0.0949378
5 0.923711 0.126497 0.0166988 0.088525
5 0.585043 0.122102 0.0165209 0.114002
5 0.596081 0.134479 0.0222456 0.109156
