3 0.406741 0.362579 0.150117 0.256145
3 0.638016 0.607431 0.143583 0.23162
4 0.879268 0.852225 0.0650427 0.201079
3 0.867664 0.24421 0.0381348 0.0773742
7 0.46303 0.719415 0.044118 0.0911884
3 0.697835 0.335977 0.116258 0.201913
3 0.318515 0.552433 0.0769121 0.208876
6 0.462439 0.480597 0.04564 0.0977611
4 0.246498 0.49501 0.133846 0.131321
3 0.983662 0.345573 0.0316463 0.0549801
3 0.571 0.500447 0.107231 0.172166
6 0.594359 0.478988 0.0588906 0.100015
3 0.872292 0.312483 0.0238657 0.05229
5 0.33216 0.0955628 0.0222505 0.139586
5 0.445099 0.0925169 0.0204569 0.149168
7 0.589502 0.715663 0.0576263 0.0863615
7 0.429879 0.573116 0.0388 0.101471
5 0.712764 0.110244 0.0179533 0.137243
5 0.744642 0.117211 0.0149551 0.113696
7 0.361176 0.704618 0.0505931 0.0794462
5 0.258699 0.104769 0.0240284 0.119077
5 0.624541 0.108965 0.0268755 0.158753
6 0.605574 0.397376 0.0244675 0.083117
7 0.314625 0.673189 0.0434228 0.0627616
5 0.536933 0.132797 0.0158905 0.0973584
6 0.526537 0.392184 0.0260988 0.0855979
5 0.413283 0.129271 0.0157017 0.0978165
3 0.745439 0.242332 0.0380975 0.0573756
7 0.365539 0.608245 0.0211343 0.0689356
6 0.69163 0.441716 0.0573544 0.0623511
6 0.311867 0.446331 0.0539146 0.101047
6 0.356663 0.467828 0.0504331 0.0881468
