3 0.676749 0.597676 0.0499477 0.0845341
0 0.498648 0.750121 0.157991 0.368548
3 0.271025 0.459294 0.0741003 0.122854
3 0.134626 0.620665 0.0999815 0.144121
3 0.520588 0.543643 0.0357851 0.064281
3 0.421845 0.50861 0.0296142 0.0509009
3 0.290074 0.53975 0.0591049 0.0915097
3 0.208358 0.436636 0.0574664 0.0968948
3 0.033967 0.465691 0.0679341 0.154285
4 0.674332 0.667121 0.0164412 0.0593612
6 0.172132 0.553497 0.0325055 0.0737257
6 0.247632 0.529366 0.0391781 0.0605404
5 0.257418 0.336588 0.0120183 0.0715135
4 0.423318 0.55496 0.0128033 0.0410842
4 0.523495 0.60404 0.0208935 0.0438295
5 0.286671 0.343374 0.00898151 0.0588859
3 0.107801 0.53876 0.0587906 0.0807639
5 0.28503 0.344585 0.0096612 0.0549917
5 0.0682573 0.331178 0.0182407 0.0854463
5 0.101163 0.342363 0.0132087 0.0594168
5 0.303905 0.342346 0.0107515 0.0572901
5 0.15051 0.341482 0.0199662 0.100877
7 0.293554 0.616982 0.0366214 0.0585459
5 0.183068 0.344912 0.0102499 0.0524723
6 0.0398217 0.545294 0.0590063 0.0567539
