3 0.406964 0.36218 0.149482 0.256452
4 0.258549 0.498646 0.120206 0.1457
6 0.462612 0.481571 0.044667 0.097408
7 0.463466 0.720395 0.0438363 0.0886656
6 0.671814 0.463758 0.0702246 0.102193
3 0.697306 0.335328 0.120498 0.200792
3 0.320122 0.550766 0.0748837 0.198854
7 0.671342 0.603632 0.0585432 0.0828142
7 0.588431 0.715992 0.0585719 0.0895098
3 0.983448 0.346117 0.032023 0.0557929
3 0.563732 0.503127 0.0947872 0.176324
7 0.668069 0.688134 0.0627489 0.0845495
5 0.445006 0.0929226 0.0204113 0.149521
5 0.332395 0.0982622 0.0216098 0.142663
6 0.600752 0.487739 0.0927549 0.148321
7 0.429855 0.573068 0.0394859 0.0990991
5 0.25885 0.107123 0.0228703 0.121625
7 0.360464 0.703876 0.0511968 0.0835807
5 0.71318 0.111293 0.0199294 0.13761
5 0.744732 0.117096 0.0142511 0.110109
3 0.875408 0.310458 0.0184761 0.0480225
3 0.876544 0.242521 0.0196604 0.0687235
5 0.624804 0.109204 0.0269802 0.157029
5 0.536815 0.132951 0.015271 0.0974257
6 0.604023 0.400778 0.0255125 0.0863575
7 0.31642 0.674489 0.0369973 0.0513228
7 0.365573 0.608362 0.0211799 0.0697733
6 0.356242 0.469221 0.0453482 0.0828525
3 0.744289 0.24347 0.0374826 0.0585589
5 0.413396 0.128567 0.0155088 0.0965531
6 0.527548 0.389729 0.0238571 0.0810428
5 0.621125 0.113551 0.0185556 0.147049
6 0.314288 0.448131 0.0500932 0.101058
4 0.983116 0.397397 0.010737 0.0426914
4 0.5984 0.489105 0.086054 0.148106
