3 0.421878 0.649525 0.190361 0.338067
3 0.682019 0.844995 0.167484 0.272971
3 0.664213 0.485328 0.121067 0.212567
3 0.236686 0.805973 0.149173 0.264036
3 0.327026 0.465481 0.125395 0.21312
6 0.647944 0.739225 0.0955328 0.109255
3 0.791623 0.316426 0.0207188 0.0373616
5 0.669518 0.242313 0.0147243 0.111538
5 0.719593 0.266301 0.0354424 0.180625
5 0.771554 0.265105 0.0226287 0.163486
3 0.515972 0.614702 0.0558643 0.176734
6 0.693573 0.59172 0.0630577 0.11115
6 0.250599 0.70673 0.104386 0.109446
3 0.617498 0.276044 0.0300186 0.0436733
5 0.551998 0.237192 0.0145412 0.0953246
3 0.525719 0.27662 0.0238414 0.0371651
5 0.255959 0.253867 0.0175007 0.125522
3 0.679207 0.332379 0.0263693 0.0451102
6 0.500564 0.779334 0.0386759 0.0865255
5 0.310914 0.260066 0.0246108 0.177179
3 0.5703 0.322685 0.0288208 0.0377744
