3 0.864736 0.487929 0.101905 0.180224
3 0.634223 0.574017 0.033498 0.0658258
3 0.322399 0.693696 0.0555405 0.111164
3 0.40599 0.475122 0.0189367 0.0413958
3 0.978537 0.632762 0.0426954 0.160639
4 0.273106 0.736167 0.0312583 0.058399
3 0.782143 0.438058 0.0619808 0.114705
3 0.482313 0.383663 0.0199249 0.0323536
3 0.744297 0.568541 0.0718246 0.129851
3 0.979583 0.461745 0.0408339 0.14593
4 0.496473 0.794564 0.0275202 0.0741485
3 0.517986 0.386598 0.0212095 0.0344576
3 0.53673 0.41844 0.0183473 0.0349453
3 0.487168 0.420394 0.0181943 0.0366768
5 0.915507 0.336672 0.01936 0.109862
3 0.501059 0.416514 0.0163155 0.0366006
3 0.570492 0.444132 0.0116577 0.0282032
5 0.754682 0.339732 0.0156908 0.0746288
