3 0.322257 0.945238 0.103487 0.104406
3 0.686432 0.438928 0.0560953 0.0989805
3 0.7665 0.534149 0.0584286 0.0992591
3 0.614502 0.512204 0.0448795 0.086053
3 0.763396 0.427836 0.0510586 0.0880095
3 0.347384 0.543419 0.0237992 0.052554
3 0.629952 0.42056 0.0409784 0.0741698
4 0.376455 0.585384 0.014442 0.0461359
3 0.375103 0.532996 0.031219 0.065594
4 0.651648 0.743116 0.0413826 0.0378657
7 0.747933 0.591085 0.0343564 0.0374862
5 0.664839 0.340089 0.00924371 0.0635585
6 0.74697 0.496222 0.0270384 0.0418187
5 0.615504 0.342393 0.00975329 0.0531976
3 0.695716 0.503979 0.0334248 0.0558854
5 0.71238 0.339025 0.0103368 0.0639109
5 0.762836 0.341345 0.00873184 0.0494866
6 0.620946 0.4657 0.0198211 0.0405825
5 0.795864 0.34162 0.0104935 0.0566467
5 0.635827 0.345708 0.00890636 0.0502514
5 0.680543 0.350162 0.00634136 0.048482
6 0.753227 0.496441 0.0359509 0.0413245
5 0.603927 0.343779 0.00928993 0.0483154
6 0.628073 0.47732 0.0235922 0.0463464
6 0.775751 0.47164 0.0262187 0.0347755
7 0.623231 0.562186 0.0283482 0.0401776
6 0.666235 0.49947 0.0167103 0.0446964
6 0.73976 0.488659 0.021674 0.0420666
6 0.610828 0.463365 0.0224104 0.0315527
3 0.76303 0.444144 0.0519188 0.0636269
