0 0.498809 0.75366 0.162451 0.370429
3 0.121586 0.603123 0.0930453 0.137518
3 0.0998184 0.451536 0.0856891 0.127309
3 0.337434 0.544877 0.0542445 0.105784
3 0.255188 0.466684 0.0803182 0.130368
6 0.327295 0.502569 0.0368309 0.0593411
3 0.295731 0.42232 0.048742 0.0733907
3 0.548109 0.421906 0.0190105 0.0315665
3 0.496104 0.420623 0.0181576 0.0359129
3 0.198811 0.530679 0.0558319 0.100124
7 0.157584 0.669692 0.0508638 0.0483152
3 0.553297 0.386649 0.016988 0.0305489
3 0.517728 0.386844 0.0182817 0.0313939
6 0.0929401 0.520827 0.0384493 0.0444907
4 0.582772 0.462486 0.0148777 0.0169488
6 0.287676 0.531018 0.021187 0.0662859
6 0.148792 0.543431 0.0452453 0.0580882
3 0.614231 0.431219 0.0126331 0.0230383
6 0.227071 0.540108 0.0172265 0.0674322
5 0.212581 0.347023 0.0101985 0.0590339
3 0.506034 0.386541 0.0175531 0.0304221
5 0.285913 0.343091 0.0109291 0.0634926
5 0.283533 0.34355 0.0112746 0.0630714
5 0.221799 0.345572 0.0138361 0.0645169
3 0.61522 0.434169 0.0117928 0.0254937
5 0.0924845 0.338663 0.0126463 0.0618027
5 0.339961 0.341892 0.0124353 0.0617891
7 0.29153 0.634623 0.0199316 0.0473729
5 0.0619477 0.336885 0.0203276 0.0796162
5 0.162812 0.34112 0.011449 0.0531921
5 0.221967 0.335555 0.0118364 0.0809989
