3 0.85282 0.868672 0.09692 0.163483
3 0.265011 0.5516 0.0640627 0.112516
3 0.220273 0.436691 0.0590802 0.0984733
3 0.358326 0.43924 0.0584254 0.106645
3 0.394368 0.510115 0.0447865 0.0848924
3 0.46584 0.506968 0.0253508 0.0458451
7 0.342999 0.592723 0.0235542 0.045166
3 0.458485 0.415644 0.0169468 0.03799
3 0.478482 0.384056 0.0173307 0.0315162
7 0.289596 0.599293 0.0250546 0.03928
4 0.496804 0.794604 0.0232027 0.0646056
3 0.280432 0.49416 0.0362464 0.0640101
6 0.338508 0.497726 0.0228789 0.0486629
3 0.358976 0.55124 0.0301272 0.0558707
3 0.50092 0.413235 0.0212091 0.030923
6 0.222476 0.493071 0.0307229 0.0453784
5 0.34359 0.342457 0.0099239 0.0679132
6 0.390122 0.472757 0.028555 0.0447447
5 0.268875 0.338326 0.0104882 0.0650498
3 0.506835 0.381758 0.0133748 0.030628
5 0.20853 0.340248 0.0104061 0.0578656
5 0.36415 0.345855 0.00828867 0.0565156
7 0.222468 0.574689 0.02491 0.0369946
7 0.22255 0.568447 0.0235169 0.0355193
4 0.566882 0.510182 0.0158445 0.018571
5 0.227957 0.34157 0.010553 0.0679889
7 0.382036 0.570884 0.0302407 0.0464641
5 0.380327 0.342886 0.00905685 0.0582207
5 0.269336 0.340319 0.0140658 0.0695974
5 0.206217 0.342317 0.0152061 0.0626774
5 0.247283 0.346303 0.0105856 0.0586548
5 0.340006 0.343838 0.0125231 0.0718664
5 0.284036 0.342253 0.0099377 0.0492543
7 0.387362 0.564417 0.0295025 0.040858
5 0.265049 0.338223 0.0121862 0.0707087
7 0.37787 0.575689 0.0250009 0.0433796
7 0.34574 0.58796 0.0274878 0.0433602
