3 0.0358577 0.440017 0.0704889 0.106731
3 0.975185 0.583803 0.0473774 0.06768
3 0.688086 0.448366 0.0265446 0.0518156
3 0.761507 0.46285 0.0360022 0.0604516
3 0.800568 0.416668 0.0326439 0.0337927
3 0.0288913 0.523676 0.0569802 0.0935318
3 0.710348 0.410652 0.0367023 0.0416639
5 0.0299781 0.343258 0.0178241 0.0695913
6 0.0259771 0.495108 0.0348886 0.047996
6 0.718357 0.435828 0.0150813 0.0283376
5 0.0505888 0.343304 0.0131646 0.0645743
6 0.700451 0.442727 0.0188757 0.0386917
6 0.793391 0.428466 0.0209101 0.0270527
