3 0.769885 0.498796 0.0453379 0.076612
3 0.905931 0.505197 0.0508944 0.076481
3 0.98809 0.470105 0.0220222 0.0242555
4 0.488423 0.781907 0.0208656 0.0849353
3 0.786476 0.467037 0.0204804 0.031433
3 0.961467 0.485773 0.0192717 0.0354725
6 0.900987 0.471422 0.0331139 0.0312388
3 0.790544 0.466659 0.0280642 0.035449
7 0.783208 0.540743 0.0216031 0.0343509
4 0.688868 0.509759 0.016913 0.0140187
7 0.869384 0.547342 0.0195332 0.0412235
4 0.586683 0.52235 0.0176102 0.0223656
5 0.891844 0.348831 0.0109104 0.0660421
