3 0.375146 0.6223 0.0530005 0.0928212
3 0.902134 0.495982 0.120747 0.16517
3 0.848865 0.585583 0.0868027 0.124294
3 0.655103 0.527897 0.0343571 0.0569806
4 0.37631 0.701004 0.0170593 0.0675697
4 0.43782 0.675085 0.0301604 0.0387417
3 0.9648 0.455932 0.0703998 0.124556
3 0.644071 0.961147 0.104323 0.0777064
4 0.65168 0.580543 0.01314 0.0416504
6 0.93562 0.592726 0.0547688 0.0878338
5 0.931429 0.330151 0.0210472 0.110361
7 0.853362 0.704173 0.0547976 0.075784
7 0.848321 0.678926 0.0661276 0.118955
5 0.860507 0.332918 0.0174208 0.0874336
5 0.83492 0.338363 0.0144711 0.0782756
0 0.500414 0.845609 0.161546 0.18629
7 0.921602 0.753942 0.0494947 0.0805837
6 0.83381 0.514827 0.0231161 0.0338558
6 0.992493 0.531526 0.0135704 0.0601031
