3 0.62772 0.588351 0.0492056 0.0919505
3 0.0583633 0.39366 0.0243168 0.0399109
3 0.341168 0.417258 0.0487783 0.0913061
3 0.154467 0.943144 0.166778 0.112069
3 0.253401 0.334134 0.0548381 0.0952391
3 0.13451 0.589872 0.0597621 0.0958448
3 0.377127 0.3227 0.0400865 0.0796533
4 0.727668 0.540251 0.0225859 0.030668
3 0.0172846 0.398928 0.0278044 0.0396713
3 0.239383 0.404344 0.058056 0.0885691
3 0.12396 0.293892 0.0212627 0.033497
3 0.166796 0.294843 0.0248974 0.0395844
3 0.282058 0.317418 0.0350541 0.0699072
3 0.131433 0.331837 0.0215779 0.0402592
5 0.357378 0.248955 0.0102043 0.0564368
5 0.318642 0.247387 0.00971708 0.0590821
5 0.208899 0.244312 0.00824099 0.0560613
6 0.376135 0.368666 0.0247133 0.0388229
3 0.343358 0.365241 0.0324532 0.0370336
4 0.800544 0.614962 0.0157455 0.0472255
4 0.79839 0.647874 0.0167744 0.0474123
4 0.0824291 0.388999 0.0227626 0.0220681
5 0.257149 0.246035 0.0107792 0.0650698
5 0.359122 0.247569 0.0119059 0.0587378
3 0.247261 0.363212 0.044341 0.0549149
7 0.283486 0.470176 0.0252664 0.0364906
5 0.289363 0.250335 0.00880899 0.052998
4 0.799523 0.623576 0.0164907 0.0666159
5 0.210403 0.245859 0.00977488 0.0674285
6 0.274087 0.382855 0.0213297 0.0484515
7 0.325707 0.468718 0.0162214 0.0402659
3 0.135431 0.331389 0.023671 0.0402989
3 0.296472 0.408984 0.0209258 0.0445539
