3 0.623173 0.507664 0.0315958 0.0514162
3 0.352266 0.444429 0.0616632 0.108363
3 0.478853 0.428108 0.0481302 0.0834596
3 0.308594 0.523914 0.0509866 0.0939889
3 0.452229 0.537803 0.0538433 0.0973479
3 0.497309 0.499019 0.0266061 0.0507694
0 0.500228 0.846876 0.161382 0.187124
6 0.31475 0.482992 0.0328502 0.0568507
3 0.431585 0.488768 0.0329509 0.0659843
4 0.559668 0.569822 0.0230526 0.0213472
4 0.62242 0.553053 0.010371 0.0392697
3 0.386306 0.493416 0.0278378 0.0473498
5 0.366743 0.341883 0.0108224 0.0654122
7 0.379077 0.598992 0.0226502 0.0344504
5 0.492725 0.345421 0.00874596 0.0453851
5 0.416417 0.348908 0.00831394 0.0421464
6 0.376944 0.497839 0.0210066 0.044075
7 0.434251 0.594296 0.0233229 0.0378697
5 0.33292 0.345394 0.00807009 0.0437776
5 0.321827 0.340545 0.00926914 0.0534103
5 0.443152 0.343461 0.0116066 0.0540273
5 0.439841 0.342552 0.00889616 0.0567291
5 0.293265 0.34431 0.0108348 0.0522759
6 0.324343 0.493146 0.0439622 0.049179
7 0.314266 0.577973 0.0316248 0.041094
6 0.480394 0.474761 0.03076 0.0359218
