3 0.292537 0.535474 0.0285795 0.0500411
3 0.212797 0.5501 0.0633303 0.11448
3 0.386054 0.666612 0.0479971 0.0942633
3 0.0986785 0.469928 0.0921479 0.146136
3 0.493749 0.383431 0.0136642 0.0308256
3 0.458544 0.386106 0.0184284 0.0328439
3 0.181051 0.433457 0.0589151 0.110614
3 0.554147 0.43176 0.0140379 0.0285639
4 0.502654 0.789537 0.029076 0.0841805
3 0.440581 0.418238 0.0229905 0.038985
3 0.486849 0.418758 0.0208454 0.0372505
0 0.502691 0.728841 0.153169 0.409452
5 0.204605 0.338628 0.0123416 0.066402
5 0.219889 0.339447 0.011122 0.0656949
3 0.473043 0.415382 0.013991 0.0335705
3 0.492343 0.380713 0.0176407 0.0322826
