3 0.302918 0.652762 0.0608325 0.102829
3 0.820014 0.519697 0.132613 0.200846
0 0.500351 0.759912 0.165055 0.360712
3 0.425075 0.555162 0.0380381 0.0646659
3 0.697375 0.609364 0.0802956 0.148002
4 0.305933 0.737202 0.0224992 0.0731333
3 0.0134366 0.910108 0.0267004 0.17106
3 0.977506 0.732712 0.0447517 0.202232
4 0.42597 0.613427 0.013778 0.0485015
3 0.900784 0.591275 0.0689156 0.137406
3 0.754564 0.447221 0.0683589 0.104372
5 0.692113 0.334731 0.0151036 0.0891789
5 0.877003 0.330124 0.0247532 0.145383
5 0.771023 0.32501 0.0209291 0.101971
5 0.731064 0.33924 0.010721 0.0682027
5 0.949192 0.334626 0.0166077 0.073781
6 0.767233 0.598316 0.0332993 0.0791565
