3 0.295968 0.339164 0.113808 0.188383
3 0.246852 0.506346 0.0959827 0.147133
4 0.421514 0.715614 0.0861388 0.068691
4 0.32928 0.604031 0.0654845 0.115942
4 0.567174 0.417179 0.0717516 0.0651289
4 0.320497 0.156401 0.053484 0.16894
3 0.942905 0.241655 0.0582211 0.0809919
4 0.207556 0.686216 0.0727136 0.0776808
4 0.438617 0.426982 0.0570786 0.125764
6 0.334668 0.416827 0.0450753 0.0888864
3 0.757606 0.483755 0.021373 0.0397246
3 0.716998 0.43892 0.0237631 0.0458505
7 0.433163 0.596738 0.0370562 0.087544
7 0.266671 0.596067 0.0477151 0.0783015
5 0.210242 0.184307 0.0158653 0.0965173
3 0.663619 0.439911 0.0266499 0.0496336
4 0.577047 0.645253 0.0340492 0.12364
4 0.508389 0.598134 0.0593594 0.106561
5 0.44711 0.147399 0.0160753 0.13157
3 0.673585 0.482208 0.0288141 0.0416675
5 0.24194 0.146314 0.0193655 0.12259
7 0.239235 0.587721 0.050666 0.0757085
4 0.44813 0.265601 0.0272905 0.0900178
6 0.502865 0.435483 0.0400045 0.089847
3 0.823662 0.253944 0.0517229 0.0764593
3 0.710392 0.268184 0.0452799 0.0703727
7 0.250342 0.593219 0.0686803 0.0808765
5 0.710661 0.386604 0.0100004 0.045433
6 0.251839 0.427974 0.0393715 0.0749513
7 0.435688 0.582744 0.0375072 0.101523
5 0.2324 0.210119 0.0150174 0.0806781
5 0.359338 0.246425 0.0118174 0.0600957
5 0.708021 0.392812 0.0103843 0.0474147
5 0.521638 0.169497 0.0141445 0.130411
