3 0.135821 0.702875 0.128994 0.199825
3 0.127344 0.476278 0.103987 0.159753
3 0.308239 0.510214 0.105262 0.188837
3 0.406854 0.606963 0.0683907 0.142581
3 0.554294 0.422132 0.0200226 0.0347774
3 0.35965 0.440157 0.0566483 0.0968814
3 0.606988 0.424686 0.0213318 0.0384415
3 0.612428 0.386713 0.0180387 0.03272
3 0.535531 0.565819 0.0297357 0.0595992
5 0.117953 0.318932 0.0306987 0.12472
3 0.611348 0.53732 0.0224642 0.048545
3 0.576407 0.3885 0.0196217 0.036876
5 0.0666278 0.329488 0.0367704 0.133334
5 0.262712 0.329372 0.019284 0.13697
3 0.559936 0.387163 0.0152166 0.0330348
3 0.619234 0.453579 0.0136072 0.0253422
5 0.210957 0.336285 0.0133972 0.0728075
5 0.414765 0.33085 0.0126218 0.0875998
5 0.348976 0.326264 0.0161806 0.115201
4 0.651163 0.460098 0.014753 0.0119626
5 0.0752631 0.326215 0.0262322 0.119353
6 0.395678 0.553398 0.0473589 0.0791851
6 0.113597 0.568527 0.0467707 0.0685837
3 0.246059 0.575658 0.0639515 0.132333
6 0.165133 0.617601 0.0688183 0.0814969
4 0.495518 0.732337 0.0372957 0.0516786
5 0.0632886 0.322515 0.0264889 0.121635
5 0.381358 0.336263 0.00886552 0.0639477
6 0.27077 0.612477 0.0259843 0.0851135
6 0.347463 0.590744 0.0271851 0.0722843
5 0.0783115 0.326751 0.0179929 0.109663
6 0.391049 0.562969 0.0418955 0.0705024
