0 0.500364 0.844779 0.163837 0.186661
3 0.619045 0.72822 0.0612 0.109418
3 0.549379 0.493807 0.0413084 0.0728423
3 0.482655 0.425789 0.039501 0.0787651
3 0.431949 0.484822 0.036969 0.0646489
3 0.449463 0.402982 0.0347187 0.0502953
3 0.554622 0.409729 0.0357994 0.0562246
3 0.507215 0.46925 0.0302233 0.0588368
3 0.180378 0.418404 0.0204952 0.0213028
3 0.215951 0.387837 0.021205 0.0324892
3 0.166284 0.388991 0.0192505 0.0314258
3 0.246304 0.417714 0.0137161 0.0192366
6 0.440603 0.451805 0.0209743 0.0325568
7 0.537482 0.53787 0.0207287 0.0304645
6 0.435113 0.451077 0.0266427 0.0286257
4 0.916262 0.649627 0.00793915 0.0152744
5 0.461847 0.349973 0.0075758 0.0501172
5 0.496517 0.351476 0.00853081 0.0467546
3 0.554626 0.44734 0.0336009 0.0227336
6 0.54232 0.452245 0.0175194 0.0272235
6 0.542644 0.474294 0.0288527 0.0414576
5 0.43578 0.347959 0.00799656 0.0408864
3 0.233906 0.38442 0.0132502 0.0271784
