3 0.044792 0.466559 0.0892596 0.144508
0 0.501433 0.828076 0.148015 0.191976
3 0.416635 0.571382 0.0332399 0.0644564
3 0.705529 0.402247 0.0314449 0.0479039
3 0.753394 0.456508 0.0350412 0.0574245
3 0.678069 0.443873 0.0249548 0.0480947
3 0.779395 0.403347 0.0265293 0.0434477
4 0.500348 0.794693 0.0206301 0.0747137
3 0.0194077 0.573804 0.0384714 0.084659
5 0.0441887 0.336355 0.0234709 0.0878077
5 0.011334 0.337278 0.0136333 0.0727773
5 0.0402292 0.335989 0.0179572 0.0898193
4 0.968336 0.530763 0.0286369 0.0218806
4 0.553305 0.494029 0.0146975 0.0175414
5 0.0505705 0.337837 0.0220863 0.0892606
6 0.0414754 0.536022 0.0364358 0.0553282
