3 0.0397723 0.507831 0.0793997 0.184339
3 0.130895 0.591587 0.0794738 0.137203
3 0.350334 0.421516 0.0197026 0.033909
3 0.355801 0.385178 0.0134837 0.0308547
3 0.318251 0.388009 0.0204294 0.0381206
3 0.294664 0.423921 0.0203401 0.0392767
3 0.119143 0.499025 0.0270136 0.0409141
6 0.115001 0.547254 0.0492085 0.0672475
1 0.498697 0.721497 0.146101 0.401244
5 0.0618545 0.329496 0.0242911 0.110339
5 0.0821071 0.334878 0.0122351 0.0704142
3 0.474338 0.452408 0.0161444 0.0345303
5 0.0238165 0.33624 0.0150497 0.0719058
5 0.128452 0.33527 0.0149508 0.085414
3 0.306427 0.386637 0.0270148 0.0380352
5 0.0591424 0.320667 0.0218763 0.107167
3 0.354989 0.383593 0.0178467 0.034882
7 0.0801338 0.718687 0.0338073 0.0647204
