0 0.496409 0.744475 0.163687 0.366503
3 0.750008 0.473582 0.0905941 0.152404
3 0.914719 0.643615 0.112695 0.165586
3 0.960653 0.465011 0.0786941 0.162062
3 0.687337 0.557032 0.0584406 0.115425
3 0.282611 0.619639 0.0481034 0.0790067
3 0.870198 0.549768 0.0732201 0.105777
5 0.913217 0.329479 0.0213804 0.0950977
7 0.773505 0.689866 0.0308498 0.0595949
4 0.979982 0.646315 0.0236889 0.0743332
5 0.779088 0.340261 0.0150448 0.100672
5 0.732516 0.3433 0.00999279 0.0518082
6 0.779754 0.549961 0.030479 0.0613912
5 0.716644 0.336304 0.0115641 0.0776026
