0 0.499597 0.833855 0.146879 0.186287
3 0.358193 0.420155 0.0422711 0.0794334
3 0.266464 0.490999 0.0229597 0.0398853
3 0.417981 0.506657 0.0437544 0.0823026
3 0.477932 0.416488 0.0389049 0.0752661
3 0.887833 0.711258 0.058947 0.113295
3 0.473849 0.478561 0.0348488 0.0603806
3 0.42614 0.408752 0.0313578 0.0628498
3 0.373979 0.477922 0.0374059 0.0629593
3 0.552594 0.454038 0.0190392 0.0409804
3 0.502669 0.435885 0.0147508 0.0269407
4 0.126034 0.59514 0.0260078 0.0323337
5 0.396796 0.34534 0.00819321 0.0562975
5 0.353999 0.347187 0.00951853 0.0532092
5 0.434631 0.343522 0.0101538 0.0598302
4 0.608082 0.516993 0.0225391 0.026966
5 0.343524 0.34757 0.00895834 0.0505181
5 0.49043 0.348302 0.0100752 0.051491
5 0.372049 0.345994 0.00896339 0.0438132
7 0.366947 0.540134 0.0316138 0.0377717
3 0.521391 0.453735 0.0140339 0.0388337
