3 0.411212 0.29748 0.202326 0.363729
3 0.68552 0.561595 0.172232 0.289574
3 0.219189 0.543635 0.15506 0.257978
3 0.669443 0.262602 0.120051 0.219633
3 0.506986 0.437598 0.0774429 0.178296
6 0.646808 0.43328 0.0960546 0.155081
5 0.740553 0.031803 0.0199902 0.0625997
3 0.52514 0.219623 0.0250226 0.0571568
6 0.249427 0.421791 0.0735563 0.112823
3 0.791958 0.276708 0.020846 0.0355959
5 0.547139 0.0935813 0.0189713 0.161839
7 0.250134 0.689455 0.112638 0.125653
6 0.334875 0.437931 0.0573458 0.134962
