0 0.497894 0.750616 0.157077 0.368762
3 0.233605 0.540405 0.0648655 0.10095
3 0.111621 0.460294 0.0842632 0.120346
3 0.0504326 0.436463 0.059947 0.105344
3 0.236719 0.430047 0.054685 0.090378
3 0.170441 0.511119 0.0421895 0.0839968
3 0.0287569 0.570566 0.0574472 0.119594
6 0.0285932 0.520978 0.0544238 0.0526741
6 0.0835323 0.518957 0.0273434 0.0534659
7 0.0975523 0.632768 0.0176351 0.0428135
6 0.146344 0.520758 0.0160907 0.0675279
5 0.219232 0.339941 0.0099771 0.0602419
7 0.152566 0.624247 0.0174058 0.0448332
6 0.211303 0.503225 0.0270475 0.0495656
7 0.0383482 0.626882 0.0522627 0.0373442
7 0.0940792 0.632027 0.0258358 0.0416723
5 0.0166263 0.340921 0.0108845 0.0601127
5 0.25147 0.34527 0.0118825 0.0550273
5 0.234411 0.347023 0.00875006 0.0487967
5 0.136281 0.345918 0.0136244 0.0738492
5 0.0631963 0.337994 0.0131994 0.068624
5 0.235963 0.344652 0.00743461 0.0519029
7 0.217978 0.600911 0.0314167 0.0452777
