3 0.172393 0.930763 0.113493 0.132128
3 0.893567 0.522918 0.0306236 0.044938
3 0.787041 0.521106 0.0556154 0.0789582
3 0.79155 0.438707 0.0626134 0.103919
3 0.632731 0.427544 0.0471685 0.0892145
3 0.695496 0.540771 0.0589127 0.104144
3 0.482717 0.523517 0.0264357 0.0434593
4 0.226072 0.715771 0.0230145 0.0447715
3 0.220723 0.389021 0.0413121 0.0709229
3 0.720881 0.420064 0.0402448 0.0819347
4 0.993549 0.530908 0.0129028 0.022131
7 0.76691 0.593758 0.0424791 0.0453494
5 0.793643 0.342053 0.0104318 0.0689535
4 0.942152 0.490212 0.01894 0.0204945
5 0.817924 0.340985 0.012067 0.0640532
5 0.706877 0.343234 0.00875518 0.0456191
7 0.632443 0.55828 0.0281797 0.0452937
5 0.633217 0.34368 0.0112405 0.0578725
5 0.660795 0.345115 0.00938206 0.0523489
6 0.774954 0.502879 0.0329559 0.0511792
5 0.792279 0.344675 0.0149527 0.0749851
7 0.791282 0.576483 0.0307372 0.0404853
7 0.669279 0.593304 0.0141027 0.040901
3 0.756939 0.388219 0.015806 0.0365814
5 0.678179 0.341556 0.0096199 0.0581793
6 0.639328 0.479535 0.0258839 0.0461062
7 0.763349 0.557913 0.0185129 0.0290226
5 0.723232 0.341053 0.0105845 0.0641399
