3 0.834402 0.626834 0.0520357 0.0918195
3 0.388102 0.421201 0.046741 0.0916367
3 0.162644 0.548551 0.0363353 0.0629586
3 0.508244 0.422708 0.047847 0.0942591
3 0.616466 0.502611 0.0274548 0.0498862
3 0.512731 0.487918 0.0416109 0.0652359
3 0.409663 0.482046 0.0396235 0.0663902
4 0.986568 0.834685 0.026429 0.0935248
3 0.466101 0.407486 0.034604 0.0667392
4 0.983304 0.711719 0.0329468 0.0919839
4 0.577454 0.511075 0.0250246 0.0322186
4 0.577561 0.514053 0.0293592 0.053532
4 0.635223 0.522784 0.0269367 0.0370378
