3 0.075781 0.641129 0.076563 0.139113
3 0.404948 0.418347 0.053646 0.104839
3 0.447135 0.503528 0.056771 0.093750
3 0.478385 0.408770 0.036979 0.069556
3 0.521354 0.421371 0.044792 0.090726
3 0.524479 0.486391 0.045833 0.065524
3 0.571354 0.589718 0.035417 0.064516
3 0.767708 0.593750 0.043750 0.078629
3 0.600781 0.440524 0.013021 0.030242
3 0.561719 0.412298 0.021354 0.028226
3 0.563021 0.384577 0.017708 0.037298
4 0.936198 0.781754 0.063021 0.085685
4 0.503125 0.800403 0.034375 0.098790
4 0.367448 0.975302 0.048438 0.049395
