3 0.832326 0.514328 0.133446 0.218474
3 0.970824 0.282143 0.0580717 0.210134
3 0.651032 0.305426 0.117023 0.200273
3 0.798895 0.289992 0.0982737 0.166162
3 0.950746 0.458616 0.0975914 0.168666
3 0.662274 0.471746 0.0952274 0.156551
4 0.648936 0.695001 0.0603615 0.100244
7 0.983281 0.534836 0.0332167 0.0771473
6 0.6778 0.397837 0.0611563 0.093784
7 0.882769 0.616429 0.0284435 0.0882434
6 0.969274 0.388716 0.061452 0.0916484
7 0.774907 0.607636 0.0195981 0.0839274
7 0.64108 0.575509 0.0595016 0.0894947
5 0.643048 0.0920497 0.0187536 0.129681
0 0.370747 0.891256 0.329251 0.217488
6 0.917322 0.366439 0.0327545 0.0707492
7 0.967537 0.594421 0.0649258 0.0881331
7 0.682745 0.594346 0.0633293 0.094862
6 0.884212 0.390237 0.0313751 0.0855974
5 0.662341 0.124891 0.0201777 0.0920463
5 0.777769 0.0828061 0.0206785 0.159284
5 0.603326 0.110924 0.0206139 0.126842
6 0.776468 0.399593 0.0186858 0.0906413
5 0.951805 0.103187 0.0163048 0.0940338
7 0.912405 0.539902 0.0305937 0.0557526
5 0.838972 0.122846 0.0179062 0.104101
5 0.75824 0.129396 0.0166927 0.0991526
5 0.610265 0.119941 0.0293352 0.13229
5 0.614777 0.121672 0.0171682 0.107047
7 0.699528 0.545551 0.0194981 0.0396528
