3 0.931567 0.531561 0.134693 0.218514
0 0.500638 0.83315 0.145183 0.184421
5 0.899001 0.324905 0.024374 0.114424
6 0.9645 0.658538 0.0703148 0.120699
3 0.571854 0.599754 0.037864 0.0766458
5 0.956065 0.316484 0.0274746 0.131964
3 0.224527 0.397209 0.0522186 0.0949164
7 0.951135 0.873821 0.0745541 0.133282
3 0.935685 0.39372 0.0261562 0.0435461
4 0.118245 0.957448 0.0471632 0.0787069
3 0.986854 0.397649 0.0254641 0.0487138
7 0.902262 0.7352 0.0560802 0.118042
7 0.893739 0.782389 0.0596338 0.0957509
7 0.896288 0.807011 0.0644346 0.148172
7 0.946223 0.857134 0.0943956 0.164041
7 0.929101 0.837906 0.125643 0.202642
6 0.989501 0.658326 0.0207428 0.127724
4 0.641365 0.553127 0.0180275 0.0256754
