3 0.440773 0.255466 0.107208 0.188329
3 0.595148 0.237667 0.0853653 0.146721
3 0.591164 0.417229 0.0919341 0.169144
3 0.317962 0.406418 0.0934297 0.167681
3 0.352656 0.236653 0.0775028 0.150369
3 0.680148 0.278558 0.0346229 0.0562877
0 0.400877 0.8681 0.283333 0.263799
6 0.396392 0.330176 0.0268066 0.0781172
3 0.481774 0.369191 0.0646181 0.144506
5 0.598951 0.0709718 0.0175602 0.115584
6 0.337356 0.317889 0.0473959 0.0861984
3 0.507089 0.196289 0.027067 0.0629799
6 0.56636 0.33651 0.0470421 0.0724693
5 0.640428 0.075584 0.0170238 0.103934
5 0.36421 0.0810924 0.0137578 0.0804084
7 0.327597 0.478083 0.0401925 0.0554735
5 0.521671 0.0916342 0.0137949 0.09346
7 0.565811 0.499435 0.0508101 0.0791341
6 0.617252 0.316461 0.0328874 0.0697817
5 0.455379 0.0846214 0.0110288 0.0853997
4 0.311978 0.592516 0.0278697 0.0738098
5 0.391045 0.065814 0.0171524 0.126919
