3 0.406746 0.505446 0.0275437 0.0543637
3 0.152961 0.553489 0.069502 0.108893
3 0.306098 0.564071 0.0642936 0.113492
3 0.180391 0.461219 0.0789998 0.131019
3 0.350026 0.433982 0.0504398 0.102034
3 0.526778 0.513556 0.0273564 0.0552102
7 0.17383 0.636842 0.0437666 0.0504972
3 0.223228 0.43059 0.0426001 0.0921256
4 0.493613 0.792083 0.0248226 0.0784803
4 0.408297 0.55287 0.0119259 0.0419147
5 0.117592 0.339362 0.011621 0.0697907
5 0.138126 0.340262 0.014774 0.0855234
0 0.500856 0.72866 0.149899 0.413081
3 0.307363 0.49277 0.0499034 0.0624427
5 0.187876 0.334152 0.012615 0.0755167
5 0.357944 0.342342 0.0111381 0.0579431
5 0.27859 0.340176 0.0112654 0.0765405
7 0.21859 0.639679 0.0363004 0.0402409
5 0.138359 0.34435 0.0193678 0.0920351
