3 0.140474 0.816003 0.105002 0.173583
4 0.150439 0.937841 0.0378625 0.108236
3 0.57787 0.495491 0.0344706 0.0722853
3 0.484403 0.469839 0.0313345 0.051834
4 0.0591937 0.752088 0.0300676 0.0820001
3 0.469797 0.508861 0.044302 0.0838599
3 0.0524424 0.667621 0.0765349 0.115922
3 0.543487 0.427788 0.0430717 0.0890525
3 0.783208 0.436262 0.0142773 0.0290698
3 0.445893 0.414758 0.0404986 0.0718307
3 0.715159 0.418071 0.0222713 0.037536
4 0.501038 0.749277 0.0179072 0.0790382
1 0.499248 0.827177 0.142951 0.204041
3 0.665408 0.417616 0.0200512 0.0370754
3 0.687713 0.385606 0.0190807 0.0335949
6 0.574226 0.465542 0.0256145 0.0348923
5 0.562668 0.342562 0.00899887 0.0531795
5 0.586101 0.343712 0.0100552 0.0525706
5 0.434097 0.345199 0.00813093 0.0414918
5 0.435136 0.34441 0.00952206 0.0472102
3 0.722904 0.382953 0.0142103 0.0293969
7 0.568219 0.542187 0.0352348 0.0366624
3 0.673021 0.384551 0.0142866 0.0319322
5 0.494246 0.344794 0.0078352 0.0398271
7 0.443807 0.530097 0.0219868 0.0369865
7 0.559102 0.545673 0.0276827 0.0378772
6 0.443255 0.460215 0.0218725 0.0321893
5 0.532209 0.345157 0.0110774 0.0495149
7 0.52857 0.513759 0.0122332 0.0324787
5 0.462156 0.338051 0.00732403 0.0566199
7 0.574759 0.539351 0.0223652 0.034532
