6 0.346051 0.544718 0.055183 0.105165
6 0.633545 0.542107 0.0483631 0.0997615
6 0.341375 0.600649 0.0697637 0.0894726
3 0.497574 0.585836 0.0981849 0.172733
3 0.625442 0.686368 0.0875408 0.160158
3 0.354026 0.0356553 0.0509026 0.066235
3 0.663608 0.0352047 0.0497314 0.0664696
3 0.185684 0.0359559 0.0521834 0.0693534
6 0.343048 0.566385 0.0621531 0.120513
3 0.731449 0.0387642 0.0497849 0.0738697
3 0.0219591 0.0352067 0.0436805 0.0620302
6 0.593027 0.513876 0.055213 0.0839076
4 0.607689 0.26116 0.0358433 0.122316
7 0.377306 0.789203 0.075357 0.0889357
4 0.639632 0.842248 0.0512257 0.0961288
4 0.44581 0.920347 0.0750553 0.0446503
0 0.114248 0.342153 0.0817424 0.0344654
3 0.0105529 0.384995 0.0210647 0.0882818
6 0.396689 0.656865 0.030599 0.0822706
6 0.634566 0.576154 0.0488257 0.0383614
6 0.397546 0.509751 0.0329791 0.0714647
6 0.610392 0.631806 0.0547796 0.0646315
7 0.403684 0.2078 0.0256086 0.0428273
4 0.592553 0.20686 0.0144486 0.0401609
4 0.638315 0.347889 0.0495949 0.149536
