3 0.112463 0.449482 0.0779383 0.131092
3 0.217806 0.479112 0.0842026 0.15496
3 0.097238 0.611894 0.0952608 0.151334
3 0.325927 0.55989 0.0623968 0.117467
3 0.620388 0.385892 0.0155891 0.0312782
3 0.305367 0.432988 0.0546117 0.103436
3 0.76048 0.486907 0.0205467 0.0361622
3 0.581492 0.387212 0.0177057 0.0362429
3 0.611327 0.422866 0.0200272 0.0343382
3 0.558965 0.420504 0.0184099 0.0346498
4 0.497524 0.795815 0.0228605 0.0691502
4 0.677005 0.460286 0.0146562 0.0116689
5 0.322426 0.339882 0.0116558 0.0666046
5 0.0734289 0.334593 0.024121 0.100926
4 0.791421 0.545776 0.0112659 0.02544
3 0.595777 0.417777 0.0150043 0.035904
5 0.0479743 0.341126 0.0227039 0.106416
1 0.49034 0.726345 0.161188 0.398949
6 0.306781 0.524939 0.0331856 0.0566364
5 0.0474602 0.330903 0.0193221 0.0856412
5 0.173798 0.327599 0.0150228 0.0842541
5 0.339407 0.341582 0.0131516 0.0697156
5 0.0734414 0.329789 0.0191472 0.0874726
3 0.617222 0.382898 0.0181549 0.0325791
5 0.248243 0.327724 0.0131844 0.0700084
5 0.18812 0.339442 0.0104934 0.0622167
3 0.570895 0.385789 0.01322 0.0357183
6 0.0968915 0.513656 0.0314054 0.0450481
5 0.237536 0.335997 0.0116429 0.06931
5 0.297003 0.337967 0.00882959 0.0498779
5 0.189796 0.339427 0.010658 0.0541979
