3 0.569099 0.511439 0.0435257 0.0876101
3 0.769079 0.59107 0.0384251 0.0670066
3 0.103972 0.59234 0.0442312 0.0648786
3 0.437054 0.521082 0.0468532 0.0956332
3 0.55061 0.416871 0.0393168 0.0772125
3 0.51202 0.438399 0.0495241 0.0988726
3 0.43729 0.421927 0.0430479 0.0798104
3 0.0475556 0.39982 0.0346564 0.051381
3 0.485358 0.488919 0.0331277 0.0729993
5 0.419023 0.342399 0.00924377 0.0520906
3 0.00563177 0.454331 0.0112635 0.0373143
5 0.534178 0.340133 0.00856587 0.0559146
3 0.0831041 0.43969 0.0266565 0.050475
5 0.436658 0.33936 0.00881166 0.0541613
5 0.583171 0.34322 0.00966988 0.0475957
5 0.568387 0.344177 0.00816154 0.0433318
5 0.49241 0.344746 0.00848751 0.0598566
4 0.868386 0.618559 0.0318907 0.0252673
6 0.448824 0.477801 0.0225843 0.0493345
5 0.545859 0.345952 0.00771058 0.0409555
6 0.428795 0.464585 0.0232683 0.0353859
7 0.450387 0.569928 0.0254313 0.0391637
6 0.567338 0.465922 0.0246195 0.0370543
5 0.489671 0.344789 0.00908947 0.0637877
