3 0.218297 0.533166 0.0291865 0.0519264
3 0.0355925 0.462326 0.0708532 0.131213
3 0.157248 0.540529 0.063927 0.104525
3 0.0844919 0.517226 0.0527079 0.0918907
3 0.156341 0.431652 0.0567426 0.0954465
4 0.409946 0.557481 0.0178875 0.0164142
5 0.170458 0.343348 0.0123236 0.0657614
5 0.138072 0.341525 0.0119553 0.0680138
7 0.0107995 0.642749 0.021518 0.0480329
6 0.133386 0.503351 0.0311625 0.0562584
7 0.140748 0.605271 0.0292345 0.050893
1 0.498296 0.718316 0.14091 0.408774
1 0.500132 0.835948 0.14479 0.190166
6 0.166636 0.474921 0.0268127 0.0368871
5 0.0484481 0.338506 0.0141984 0.0782254
7 0.00424744 0.589769 0.00838096 0.0277266
5 0.0958574 0.347139 0.0103531 0.061228
