3 0.161369 0.661527 0.110289 0.179975
0 0.500116 0.833269 0.145976 0.185074
3 0.254548 0.464246 0.0771143 0.13514
4 0.933283 0.8539 0.0533878 0.0912504
3 0.344744 0.527609 0.0262802 0.0505202
3 0.0845663 0.459613 0.0774226 0.125062
3 0.219127 0.561663 0.0659688 0.121777
5 0.096241 0.327201 0.0265038 0.116791
5 0.191437 0.33707 0.017882 0.120763
5 0.0379729 0.334926 0.0142084 0.0821945
5 0.263303 0.336132 0.0153624 0.0820276
6 0.251988 0.541346 0.038689 0.0743965
6 0.108747 0.60044 0.0202213 0.0749485
3 0.00735357 0.508402 0.0147071 0.159189
