3 0.720743 0.657784 0.0591431 0.105038
3 0.689485 0.579866 0.035915 0.0634486
3 0.469066 0.407464 0.0345669 0.0637425
3 0.368228 0.410939 0.0385482 0.0670083
3 0.589453 0.504924 0.0227441 0.0442935
3 0.36812 0.469197 0.0331439 0.054126
3 0.318055 0.499375 0.021382 0.0391126
3 0.424996 0.481887 0.0369249 0.0710828
3 0.0374282 0.894286 0.0744739 0.160696
3 0.0376224 0.870083 0.0741406 0.107475
3 0.408422 0.401501 0.0302264 0.0564987
4 0.762902 0.677328 0.0285439 0.0304071
3 0.454785 0.45769 0.0301276 0.0571551
