3 0.791431 0.613283 0.0578186 0.0904122
3 0.613415 0.547436 0.0379688 0.0647007
3 0.392593 0.452833 0.065939 0.11571
3 0.277833 0.597764 0.0799533 0.132407
3 0.18247 0.456918 0.0742598 0.118694
4 0.786015 0.685576 0.0181361 0.0662255
3 0.326665 0.432648 0.0488996 0.0902911
3 0.403255 0.53375 0.0503342 0.0788301
4 0.655763 0.620589 0.0322762 0.0256253
6 0.371782 0.518681 0.0349482 0.0561735
6 0.199159 0.52896 0.047052 0.0556903
4 0.612635 0.604216 0.0140858 0.0458971
5 0.385201 0.337048 0.0118785 0.0688599
5 0.415911 0.339925 0.0104123 0.0594078
5 0.297181 0.336005 0.0112091 0.0768811
5 0.163465 0.33586 0.0147717 0.0725915
5 0.30687 0.346492 0.00904531 0.0515415
5 0.228519 0.337124 0.0145782 0.0807436
5 0.232346 0.344472 0.0220384 0.0939693
5 0.397317 0.343019 0.0107491 0.0564646
5 0.240671 0.343951 0.010821 0.065936
5 0.239217 0.340977 0.0134699 0.080475
7 0.201782 0.625763 0.0497315 0.048057
7 0.373396 0.636452 0.0324431 0.0555155
