3 0.613147 0.669121 0.0465727 0.0924664
3 0.292901 0.568164 0.0650619 0.116037
3 0.370756 0.43616 0.0541539 0.0979911
3 0.356706 0.509079 0.0514311 0.0779224
3 0.18772 0.453075 0.0733284 0.118398
3 0.283017 0.426849 0.0401467 0.08806
6 0.209552 0.514845 0.0461052 0.0525419
1 0.50134 0.719586 0.150052 0.426525
3 0.454117 0.482241 0.0192563 0.0366469
5 0.370376 0.34285 0.00919476 0.068393
5 0.312134 0.340506 0.0103513 0.0744958
3 0.207605 0.525868 0.0494641 0.0836251
5 0.157466 0.33991 0.0136336 0.07412
7 0.214835 0.624799 0.0439212 0.0531872
5 0.177411 0.340784 0.015434 0.079882
5 0.256135 0.346757 0.0126716 0.088845
5 0.385523 0.344317 0.0111916 0.0648711
7 0.196738 0.588821 0.0288887 0.0451435
5 0.202985 0.342092 0.0111376 0.0654681
3 0.249375 0.424389 0.0198275 0.0452955
7 0.185119 0.607593 0.0337537 0.0353661
7 0.355391 0.60056 0.0305846 0.0528833
7 0.205953 0.609377 0.0392043 0.0531664
