3 0.726522 0.661221 0.0628747 0.106597
3 0.21745 0.551229 0.152925 0.238775
3 0.41357 0.640272 0.0424665 0.0749552
3 0.244813 0.435774 0.0761952 0.0701289
4 0.72166 0.746046 0.0203026 0.0778973
3 0.331095 0.642963 0.0842772 0.164702
4 0.800562 0.783409 0.054831 0.0394463
6 0.165088 0.686448 0.0460884 0.101613
5 0.155836 0.32105 0.0303126 0.170051
5 0.276144 0.319914 0.0220153 0.132824
3 0.0979906 0.631602 0.0799619 0.153926
6 0.324426 0.750913 0.0592112 0.102591
3 0.0197216 0.831355 0.0391993 0.237855
5 0.337541 0.334057 0.0231586 0.108833
5 0.219147 0.334895 0.0128505 0.0722768
6 0.318099 0.589727 0.0556238 0.0691243
