3 0.296427 0.339546 0.113508 0.188825
4 0.421748 0.71794 0.0864418 0.0646132
4 0.567539 0.415915 0.0709515 0.0621209
3 0.822382 0.254475 0.051292 0.0740734
4 0.319341 0.154871 0.0546619 0.169134
4 0.207029 0.68746 0.0731643 0.0750166
4 0.437902 0.427063 0.0554722 0.125623
3 0.942903 0.242694 0.0575275 0.0817177
4 0.328896 0.599825 0.0662541 0.110271
3 0.24607 0.505129 0.0924971 0.145518
3 0.710794 0.268714 0.044694 0.0703274
6 0.334494 0.418009 0.0459137 0.0912402
7 0.2667 0.596964 0.0472962 0.0782002
3 0.758425 0.483487 0.0214546 0.0403271
4 0.44839 0.268735 0.0268307 0.0938598
3 0.716927 0.439907 0.0243656 0.0470291
5 0.446805 0.146696 0.0153002 0.132462
7 0.432474 0.590676 0.0398848 0.106755
3 0.663591 0.439404 0.0260354 0.0469291
3 0.674704 0.481988 0.0276655 0.0436059
5 0.210013 0.1904 0.0205925 0.113881
5 0.210172 0.183105 0.0161289 0.0989274
5 0.239865 0.145315 0.020412 0.116128
6 0.501865 0.43571 0.0409697 0.085342
5 0.210924 0.19666 0.0272122 0.129276
5 0.445459 0.151682 0.0213227 0.143902
5 0.707193 0.393274 0.00937538 0.0460217
5 0.554867 0.216241 0.00987349 0.0700473
6 0.251154 0.429249 0.0377959 0.0704141
5 0.521081 0.169794 0.0151443 0.131929
5 0.71067 0.389062 0.0102119 0.0482021
7 0.551148 0.567142 0.0213024 0.0418111
5 0.231546 0.207495 0.0163279 0.0915042
4 0.508303 0.595326 0.0589073 0.100219
6 0.522833 0.450621 0.0237792 0.0505246
5 0.736731 0.386307 0.00869446 0.0337536
