3 0.860066 0.524121 0.136608 0.211778
0 0.500207 0.834149 0.144958 0.184321
6 0.884112 0.670355 0.0827656 0.129507
5 0.864385 0.314043 0.0324381 0.135775
5 0.828478 0.324764 0.0224489 0.118088
7 0.833903 0.796475 0.0697037 0.119853
5 0.908829 0.331552 0.0173359 0.094685
7 0.870199 0.884611 0.0811924 0.137935
3 0.482404 0.581037 0.0304897 0.0395126
7 0.843702 0.805735 0.0905827 0.142308
4 0.280071 0.543479 0.0159243 0.0212044
6 0.848117 0.7373 0.0450159 0.0966943
3 0.879409 0.665352 0.101472 0.126604
