3 0.770683 0.574172 0.0710079 0.1221
3 0.425835 0.560913 0.0311588 0.0588642
3 0.663841 0.455887 0.066205 0.116913
3 0.569363 0.505534 0.0228365 0.0426785
3 0.595028 0.771802 0.0629288 0.128531
3 0.603011 0.529842 0.0485744 0.0985223
3 0.455266 0.385168 0.0205019 0.0321066
3 0.426247 0.418395 0.0183113 0.0326168
3 0.718365 0.51228 0.0483746 0.0846536
3 0.322154 0.462919 0.0259031 0.0339321
4 0.497402 0.79371 0.0240911 0.069449
3 0.791546 0.440501 0.0640084 0.106157
3 0.637964 0.418908 0.0412352 0.0750194
3 0.422324 0.383295 0.018012 0.0320146
7 0.741962 0.637666 0.0358447 0.044641
5 0.688591 0.334376 0.0113251 0.0692073
0 0.499564 0.836659 0.144461 0.185572
6 0.607579 0.488216 0.0315565 0.0604082
5 0.638813 0.336896 0.00920162 0.063136
5 0.815689 0.341302 0.0182461 0.0743716
6 0.796431 0.499031 0.0362989 0.0447541
3 0.473453 0.41582 0.016548 0.0348777
7 0.654746 0.552526 0.0193039 0.0395314
7 0.60812 0.5896 0.0312227 0.0477831
5 0.744281 0.341563 0.00955524 0.0503884
0 0.500291 0.726002 0.144547 0.419845
5 0.70565 0.344491 0.00810852 0.0413528
6 0.68757 0.523715 0.0175665 0.0641659
3 0.470767 0.384322 0.0160143 0.030722
5 0.774048 0.334959 0.0121288 0.0687348
6 0.748916 0.521617 0.0332092 0.0519791
7 0.683742 0.624689 0.0163092 0.041746
5 0.59692 0.341412 0.0102518 0.0646442
5 0.798637 0.340308 0.0128675 0.0670168
5 0.621135 0.345314 0.00741806 0.0519299
6 0.603392 0.500747 0.0440479 0.0628884
7 0.638887 0.611357 0.0175426 0.0439854
