3 0.938093 0.576809 0.123813 0.278093
3 0.549823 0.590295 0.153144 0.287996
3 0.698638 0.743293 0.108793 0.219546
6 0.53848 0.790902 0.0886905 0.171795
5 0.912608 0.311776 0.0311268 0.137423
5 0.544156 0.308296 0.0194162 0.144512
5 0.738074 0.320079 0.0192856 0.123211
1 0.50843 0.764792 0.161007 0.318595
5 0.508819 0.234452 0.0542245 0.316337
5 0.64981 0.317905 0.0155176 0.123862
7 0.562727 0.908225 0.0465555 0.0928714
5 0.508595 0.299191 0.0541346 0.187399
6 0.525629 0.775582 0.0700025 0.148333
6 0.880819 0.665727 0.0182175 0.059711
