3 0.407513 0.362502 0.148681 0.256116
3 0.63764 0.6056 0.143492 0.235206
7 0.463456 0.720477 0.0436047 0.0894036
4 0.249186 0.495136 0.133942 0.132833
3 0.319263 0.552035 0.0756644 0.207574
3 0.699455 0.336132 0.117143 0.202342
3 0.867365 0.244209 0.0385353 0.0775309
6 0.462934 0.481829 0.0460283 0.0960715
6 0.593729 0.480542 0.0582399 0.0999834
3 0.570314 0.500281 0.106914 0.171877
3 0.983554 0.346329 0.0318638 0.0557092
3 0.872529 0.311798 0.0244154 0.0500083
5 0.444979 0.0921075 0.020467 0.148845
7 0.588361 0.716983 0.0580104 0.0880748
5 0.332382 0.0957114 0.021583 0.140378
7 0.429796 0.574428 0.0394789 0.100404
5 0.258262 0.107375 0.0237295 0.124101
5 0.744444 0.116717 0.0144117 0.109593
7 0.361442 0.703972 0.0501957 0.0805537
5 0.712337 0.111057 0.0184695 0.138258
5 0.624446 0.108316 0.0271341 0.157143
6 0.605962 0.396578 0.0236334 0.0786237
7 0.315841 0.673876 0.0420238 0.0597895
5 0.536952 0.132748 0.0158346 0.0978948
6 0.526732 0.391353 0.0238346 0.0835178
5 0.413272 0.129174 0.0155424 0.0951381
7 0.365291 0.606238 0.02147 0.0732287
3 0.744809 0.242948 0.0388401 0.0581269
4 0.869324 0.846292 0.110031 0.20555
4 0.982425 0.399417 0.0116161 0.0432212
6 0.356287 0.469109 0.0486593 0.0835926
6 0.31313 0.4465 0.0513252 0.105509
6 0.699248 0.432948 0.0583218 0.0709727
