3 0.0228043 0.512895 0.0455283 0.177862
3 0.0358956 0.799248 0.0713598 0.247552
0 0.499454 0.840282 0.15972 0.188806
3 0.533944 0.432188 0.0248253 0.0441332
3 0.46989 0.431006 0.021236 0.0394358
3 0.542567 0.39135 0.0162197 0.0326892
3 0.493043 0.39558 0.0272594 0.0424749
3 0.61105 0.448493 0.0152122 0.0352576
6 0.0208004 0.641301 0.0416007 0.074593
6 0.0186007 0.598258 0.0366771 0.0742763
3 0.512732 0.426768 0.01728 0.0398889
6 0.0192963 0.612959 0.0385925 0.105234
5 0.0125834 0.319729 0.0251667 0.136355
3 0.487873 0.394551 0.0289833 0.0411397
