3 0.813271 0.649451 0.216391 0.353469
3 0.22581 0.667735 0.230509 0.395704
3 0.516221 0.827311 0.115871 0.277476
5 0.932239 0.268346 0.0492678 0.230433
5 0.754398 0.296402 0.0276379 0.184453
5 0.455602 0.305662 0.0210044 0.142959
5 0.0970969 0.268339 0.0466526 0.250693
5 0.270781 0.295399 0.0279679 0.184504
6 0.701991 0.79789 0.0430738 0.123152
4 0.395796 0.65456 0.0320927 0.031447
5 0.56696 0.310364 0.0204334 0.152415
6 0.876279 0.866971 0.0559835 0.170171
6 0.162535 0.902431 0.0761744 0.185171
