3 0.271769 0.343346 0.108847 0.182808
3 0.248533 0.507564 0.0899321 0.143048
4 0.398906 0.427052 0.0448135 0.124997
7 0.517345 0.581739 0.053432 0.0804962
4 0.282598 0.169223 0.0566291 0.161424
4 0.378909 0.706367 0.0859325 0.059667
3 0.885928 0.238109 0.0559948 0.0793488
4 0.296096 0.599855 0.0767516 0.120897
4 0.197787 0.674118 0.0625326 0.0793659
4 0.544419 0.644614 0.0398482 0.125718
3 0.764876 0.258326 0.0483479 0.0768721
4 0.548531 0.416532 0.0692292 0.0759737
4 0.476662 0.600179 0.0518406 0.107034
4 0.454729 0.27322 0.0338558 0.0984579
6 0.302272 0.418725 0.0477702 0.0815286
3 0.838757 0.484615 0.0263969 0.0454422
3 0.992958 0.226381 0.013126 0.0808548
3 0.750996 0.482083 0.0284603 0.049502
7 0.255691 0.599839 0.0429783 0.0628402
5 0.221261 0.157347 0.0158607 0.0876564
6 0.442969 0.439688 0.0264893 0.0590685
7 0.393449 0.602779 0.025106 0.0843413
4 0.323148 0.213294 0.02607 0.0942849
4 0.521381 0.623769 0.0281215 0.0525133
5 0.404363 0.156733 0.0159398 0.139192
5 0.486189 0.166905 0.0136736 0.116472
5 0.504603 0.249804 0.00865135 0.0684058
5 0.21069 0.21066 0.0265605 0.116135
7 0.442791 0.557166 0.021908 0.062263
5 0.20853 0.200704 0.0170177 0.0911529
5 0.547922 0.202023 0.0140726 0.101933
5 0.371996 0.261827 0.0108171 0.0803273
6 0.237333 0.428419 0.0563157 0.078344
4 0.496899 0.437333 0.0368936 0.0763002
5 0.503596 0.262968 0.0136702 0.094167
5 0.241 0.208883 0.0120523 0.0619251
6 0.469306 0.429498 0.0282942 0.0705721
5 0.532329 0.231343 0.0463359 0.164469
5 0.838906 0.386393 0.0117558 0.0472354
