3 0.397458 0.499847 0.0203304 0.0408528
3 0.080942 0.544337 0.072736 0.109375
3 0.340782 0.412333 0.0163765 0.0301284
3 0.183016 0.434851 0.0590662 0.097804
3 0.386312 0.413483 0.0178011 0.0328623
3 0.0323065 0.434607 0.0646129 0.0916952
3 0.234531 0.500047 0.0415969 0.0825167
3 0.359295 0.38201 0.0153011 0.0284341
3 0.105583 0.494808 0.0477859 0.0646296
7 0.110922 0.591741 0.0325665 0.04141
6 0.226758 0.466107 0.0239987 0.0371257
3 0.38978 0.380643 0.0152804 0.0286756
3 0.2623 0.491718 0.0212193 0.0372633
7 0.168936 0.577899 0.0219997 0.0379556
5 0.032653 0.340222 0.0142824 0.0655434
5 0.20551 0.343942 0.0108034 0.0627911
4 0.193512 0.731392 0.0460915 0.0467264
3 0.35877 0.379178 0.0128251 0.0287839
5 0.160745 0.343016 0.0110855 0.0650329
5 0.0776481 0.339961 0.013268 0.0618813
6 0.161934 0.48479 0.0187361 0.0486502
5 0.00525513 0.339402 0.0100151 0.0561993
5 0.234496 0.343727 0.0117281 0.0535016
7 0.169049 0.572576 0.0245746 0.0429805
0 0.500979 0.718892 0.149021 0.421715
6 0.0316933 0.48099 0.0342674 0.0338054
5 0.0780344 0.35161 0.0196372 0.0866866
5 0.0193348 0.339149 0.0106538 0.0551408
4 0.420109 0.440491 0.0137802 0.0125447
6 0.03604 0.484857 0.0374874 0.0350706
7 0.212015 0.557514 0.0246201 0.0551435
7 0.175082 0.52938 0.0187689 0.042491
7 0.0610688 0.591684 0.0386564 0.0445777
3 0.260262 0.488091 0.0245589 0.0450679
7 0.211104 0.550321 0.0202124 0.0491164
