0 0.500211 0.843208 0.160513 0.187887
3 0.938634 0.555188 0.122732 0.250358
6 0.958796 0.705674 0.0824079 0.154126
3 0.169232 0.463283 0.0383357 0.0577241
3 0.0330929 0.486987 0.0341666 0.0462697
5 0.944552 0.311852 0.0377993 0.145001
3 0.150457 0.406031 0.0301482 0.0457801
3 0.227866 0.407849 0.0344744 0.0536128
3 0.265752 0.450784 0.0298868 0.0487074
7 0.947225 0.925752 0.104445 0.148496
4 0.0368949 0.523527 0.0134867 0.0345049
7 0.95308 0.86071 0.0920193 0.160002
3 0.198872 0.443785 0.021025 0.0412891
