3 0.177916 0.441868 0.0688734 0.110721
3 0.133218 0.526242 0.0583484 0.0999605
3 0.201605 0.541267 0.0287155 0.0527729
3 0.280522 0.526238 0.0552926 0.0952192
3 0.310293 0.422374 0.0446923 0.0804172
3 0.578149 0.542524 0.0301778 0.0544369
1 0.496482 0.723037 0.146715 0.408658
3 0.599779 0.582987 0.0360134 0.070809
3 0.260765 0.482611 0.0292719 0.0570091
7 0.166735 0.592837 0.0314606 0.0419221
5 0.261893 0.342568 0.0107618 0.063727
5 0.18714 0.339913 0.0110658 0.069729
7 0.159837 0.591701 0.0411501 0.0414097
5 0.312097 0.346543 0.0103211 0.0536232
7 0.263685 0.577239 0.0214466 0.0430943
7 0.20946 0.589156 0.0234215 0.0336654
5 0.297131 0.344696 0.0095281 0.0564322
1 0.499414 0.837508 0.145839 0.190714
5 0.157083 0.342102 0.00826936 0.0476958
5 0.279308 0.348387 0.00805817 0.0473456
