3 0.951196 0.371535 0.07027 0.120807
3 0.749827 0.214619 0.058069 0.0994484
3 0.616766 0.310115 0.0801864 0.13776
3 0.209062 0.332748 0.0602639 0.104702
4 0.941361 0.467778 0.0257366 0.0828158
6 0.648433 0.609394 0.0707988 0.0850293
4 0.744518 0.299459 0.0194233 0.0697695
3 0.49585 0.399763 0.056638 0.137376
6 0.638145 0.527878 0.0571882 0.102918
6 0.640042 0.396038 0.0340441 0.0638921
4 0.450331 0.810689 0.0723616 0.051701
4 0.356637 0.619298 0.07263 0.0799453
6 0.627063 0.524365 0.0772691 0.0959114
6 0.646666 0.504544 0.0560247 0.129757
6 0.388805 0.523746 0.0530727 0.0680686
6 0.388574 0.506865 0.0525131 0.101879
4 0.648116 0.606279 0.0695751 0.0856494
