3 0.740094 0.526917 0.0575206 0.102298
0 0.499356 0.746534 0.160442 0.386636
3 0.941638 0.439049 0.0722427 0.110684
3 0.951669 0.566842 0.0801394 0.114415
3 0.756992 0.425284 0.0518484 0.0848732
3 0.440566 0.421015 0.0201339 0.0318488
3 0.838639 0.451552 0.0768122 0.114389
3 0.285447 0.480365 0.0206787 0.0343483
3 0.430003 0.386296 0.0161449 0.0295715
3 0.471895 0.386959 0.018491 0.0313868
3 0.15844 0.868434 0.0560473 0.0883523
3 0.491262 0.418128 0.0173994 0.0287565
7 0.919012 0.629027 0.0527939 0.0394717
5 0.744439 0.347042 0.0091259 0.0473301
5 0.994732 0.336452 0.00935402 0.0606796
5 0.812058 0.332828 0.00995522 0.0444244
6 0.927567 0.52351 0.050943 0.0493239
4 0.280051 0.602968 0.0178939 0.0367793
6 0.954418 0.495789 0.0384315 0.0415341
7 0.751896 0.587587 0.0369013 0.0491674
5 0.728899 0.34512 0.00779381 0.0495661
