3 0.0419816 0.564969 0.0817445 0.119012
0 0.500747 0.833443 0.14789 0.187875
3 0.221007 0.511446 0.0491406 0.0869305
3 0.159624 0.44381 0.0665093 0.107844
3 0.617704 0.623683 0.042222 0.0829436
3 0.463216 0.534348 0.0247584 0.051015
3 0.089788 0.512958 0.0534098 0.0893636
3 0.0211752 0.439444 0.0422498 0.132572
3 0.0115958 0.443028 0.0231915 0.129436
5 0.132439 0.34 0.0113274 0.0645554
5 0.161037 0.343201 0.00865617 0.047043
5 0.19466 0.344019 0.00785456 0.0467146
5 0.221813 0.343308 0.00972033 0.0517769
5 0.0363472 0.337008 0.0135059 0.0708457
5 0.183835 0.340355 0.00988038 0.0593714
