3 0.692695 0.540588 0.130603 0.231649
3 0.928474 0.868709 0.14221 0.258165
5 0.719837 0.310535 0.0221506 0.157469
6 0.732988 0.683256 0.0582359 0.106249
3 0.65376 0.639674 0.0833029 0.142782
7 0.657044 0.811101 0.05357 0.075713
7 0.720786 0.898816 0.057486 0.083196
3 0.761869 0.476411 0.0788092 0.143148
5 0.953505 0.2931 0.0472574 0.208496
5 0.63053 0.328235 0.0156 0.0994342
6 0.889252 0.74533 0.0752684 0.0827803
5 0.64915 0.316274 0.0172697 0.120587
7 0.644854 0.741781 0.0493865 0.104875
5 0.910462 0.329201 0.0184418 0.0939377
1 0.502275 0.834117 0.148529 0.18783
6 0.884931 0.561628 0.0310646 0.0633354
4 0.497599 0.793495 0.0208691 0.0624486
5 0.790807 0.331308 0.0131853 0.0795709
3 0.920081 0.657432 0.116946 0.167591
5 0.651151 0.327551 0.0238999 0.105013
6 0.789097 0.554153 0.0149815 0.0606404
