3 0.40717 0.363287 0.149572 0.256393
4 0.25793 0.501411 0.124213 0.133137
6 0.672129 0.461522 0.0679609 0.100611
6 0.462299 0.481489 0.0452259 0.096873
7 0.463027 0.719146 0.0418598 0.0881185
3 0.321888 0.550634 0.0702091 0.201461
3 0.697247 0.337005 0.120571 0.200781
3 0.870833 0.244155 0.0315868 0.0745389
7 0.58915 0.71507 0.0583241 0.0881955
6 0.601629 0.486393 0.09333 0.146321
3 0.563879 0.503037 0.0942781 0.175837
5 0.332183 0.0966308 0.0219372 0.141934
3 0.983805 0.345895 0.031151 0.0544541
7 0.668978 0.686546 0.0651897 0.0835393
7 0.673172 0.601409 0.0608179 0.0830568
5 0.444998 0.0914935 0.0205473 0.149267
7 0.429301 0.573004 0.0384558 0.0995724
3 0.873556 0.310764 0.0223362 0.051445
5 0.258381 0.10566 0.0228274 0.122848
7 0.36072 0.70249 0.0518898 0.0827459
5 0.744696 0.117216 0.0139765 0.110116
5 0.712541 0.109911 0.0182303 0.135852
5 0.625376 0.107531 0.0258949 0.157762
5 0.537089 0.132694 0.0154276 0.0973973
6 0.604025 0.401422 0.0253948 0.0856078
6 0.527246 0.390413 0.0248464 0.0829201
5 0.413668 0.129788 0.0145012 0.0957505
7 0.365154 0.608173 0.0210357 0.0679972
6 0.355904 0.46719 0.0471138 0.0846369
7 0.320171 0.676452 0.0344233 0.0520131
3 0.745082 0.242104 0.0382017 0.0570076
5 0.619484 0.120894 0.0181088 0.136673
4 0.982885 0.397634 0.0111408 0.0426887
4 0.598271 0.488993 0.0841736 0.148036
