3 0.264071 0.522267 0.0541588 0.0951191
3 0.72706 0.570339 0.0353786 0.0660117
3 0.25426 0.422655 0.0483677 0.0820455
3 0.397825 0.498895 0.0394904 0.08372
3 0.341672 0.432983 0.0507921 0.0970369
3 0.375546 0.411515 0.0370543 0.0703383
3 0.60632 0.414998 0.0194548 0.0351712
3 0.668029 0.444032 0.012658 0.027133
3 0.579742 0.383173 0.0168095 0.0305282
0 0.502532 0.723877 0.153193 0.426782
0 0.500742 0.835518 0.149013 0.187706
3 0.559564 0.411053 0.0153002 0.0274625
3 0.61229 0.382847 0.0161328 0.0301629
3 0.657896 0.447902 0.0149757 0.0260767
5 0.235218 0.341297 0.00971808 0.0566852
7 0.280951 0.569633 0.0300129 0.0390419
5 0.260125 0.340404 0.00987992 0.0528657
3 0.596116 0.412783 0.0170382 0.0318795
5 0.321687 0.342024 0.0098381 0.0539378
5 0.367158 0.343457 0.00785557 0.0405624
7 0.390345 0.543999 0.0255417 0.0392209
6 0.391371 0.462174 0.0263207 0.0372651
6 0.275805 0.477303 0.0274828 0.0488022
5 0.362744 0.343609 0.00802307 0.0547717
5 0.392466 0.3425 0.00758371 0.0444431
6 0.387647 0.46706 0.0198169 0.0359723
6 0.249027 0.465888 0.025913 0.0316824
5 0.294335 0.346779 0.00682859 0.0404903
