3 0.247399 0.505861 0.0973074 0.148053
3 0.296082 0.335854 0.113195 0.187013
4 0.421552 0.715982 0.0881989 0.0610311
4 0.567449 0.416117 0.0713188 0.0630466
3 0.822374 0.254271 0.0511623 0.0733349
4 0.319387 0.154966 0.054641 0.168714
3 0.942838 0.242435 0.0572966 0.0811633
4 0.207935 0.688292 0.0739457 0.0726025
4 0.438041 0.427551 0.0557938 0.126399
3 0.710855 0.268723 0.0445962 0.0703391
4 0.328592 0.599584 0.068272 0.105307
6 0.334642 0.417657 0.0461334 0.0911222
3 0.758865 0.483553 0.0202333 0.0398634
4 0.448305 0.268545 0.0268654 0.0935302
3 0.716918 0.440118 0.0240335 0.0472212
5 0.44685 0.147022 0.015177 0.132574
3 0.674618 0.481867 0.0280226 0.0436171
6 0.502002 0.436734 0.0405157 0.0862072
3 0.664566 0.437699 0.0261201 0.0448634
5 0.209702 0.188019 0.0192995 0.108572
7 0.432299 0.593387 0.0407521 0.100705
5 0.239916 0.144827 0.0201622 0.115233
5 0.554916 0.216055 0.00985661 0.0697899
5 0.707127 0.393801 0.00909691 0.044933
5 0.210445 0.195365 0.0254968 0.126117
5 0.231541 0.206381 0.015594 0.087754
4 0.580099 0.619583 0.0317271 0.0716163
5 0.445368 0.151716 0.02118 0.143211
5 0.710759 0.389307 0.010038 0.04646
5 0.359418 0.246063 0.0121682 0.0606655
5 0.520986 0.169909 0.0151127 0.131917
