3 0.0390786 0.551142 0.0774174 0.230377
3 0.0180291 0.918487 0.0360583 0.159127
5 0.0256741 0.311279 0.0335461 0.143801
3 0.634148 0.441592 0.0252544 0.043913
3 0.644273 0.394301 0.0203701 0.0385168
6 0.0290268 0.686643 0.0578652 0.130187
1 0.500047 0.835289 0.145509 0.192325
3 0.566904 0.435917 0.0231823 0.0429643
3 0.788191 0.488824 0.0207653 0.0357081
3 0.592648 0.396718 0.025288 0.0447318
4 0.621979 0.602494 0.0207066 0.0275186
7 0.0520611 0.89211 0.0487381 0.092861
3 0.522801 0.457196 0.0118628 0.0277527
4 0.897635 0.621306 0.0188477 0.0329562
6 0.0179438 0.840075 0.0354925 0.0791075
3 0.587814 0.395218 0.0278509 0.0394219
