3 0.856436 0.522413 0.130596 0.206186
3 0.737577 0.906004 0.0895169 0.175583
3 0.969257 0.883484 0.0614737 0.222163
3 0.376346 0.715262 0.0521633 0.106007
6 0.863491 0.653337 0.0691299 0.117861
7 0.854834 0.865924 0.0838951 0.137283
7 0.844462 0.782293 0.0676968 0.117587
5 0.890265 0.333132 0.0184994 0.0964011
3 0.946931 0.665591 0.0776943 0.164267
5 0.847572 0.316945 0.0247557 0.121926
5 0.962311 0.329237 0.0198439 0.10277
5 0.991077 0.299094 0.0178469 0.184172
4 0.49711 0.794064 0.0247206 0.0700829
6 0.974559 0.733345 0.0406034 0.0961856
5 0.994529 0.28346 0.0109426 0.15555
5 0.840366 0.321366 0.0283535 0.114947
6 0.957261 0.766767 0.0282082 0.0607822
5 0.88719 0.335883 0.0196526 0.0915606
