3 0.756012 0.711363 0.0583706 0.106271
3 0.3633 0.44194 0.0554975 0.106426
3 0.290936 0.532423 0.0555665 0.0990511
3 0.662615 0.588839 0.036227 0.0646159
3 0.438362 0.519523 0.0478989 0.0942513
3 0.303817 0.423516 0.0475357 0.0874353
3 0.43112 0.421425 0.0442701 0.0800754
5 0.336761 0.340048 0.0097847 0.0687914
0 0.500548 0.834383 0.147238 0.185647
4 0.753236 0.612078 0.0313377 0.036237
5 0.384244 0.343284 0.0101965 0.0713803
5 0.437544 0.344845 0.0126928 0.0571187
7 0.305991 0.58951 0.0336887 0.0416877
0 0.501461 0.766566 0.146214 0.321558
3 0.37712 0.49967 0.0310302 0.0619659
5 0.354244 0.354486 0.00761795 0.0611855
5 0.282233 0.337039 0.00834347 0.0565958
