3 0.644133 0.677572 0.0773424 0.142762
3 0.386108 0.467744 0.0334433 0.0606206
3 0.565973 0.518154 0.023757 0.0439609
3 0.471739 0.460805 0.0283907 0.0556598
3 0.620227 0.508273 0.0225794 0.042469
3 0.687987 0.808939 0.0712198 0.143377
3 0.438536 0.40813 0.0326635 0.0652636
3 0.337411 0.495019 0.0199018 0.0379866
3 0.414077 0.452129 0.0256989 0.0526011
1 0.500485 0.727447 0.14402 0.394348
3 0.374594 0.403606 0.0268732 0.0522577
3 0.457983 0.396035 0.0224289 0.0406458
4 0.517892 0.494249 0.0155359 0.0166892
4 0.128457 0.492074 0.0124765 0.0161934
4 0.742426 0.597266 0.0121396 0.033469
4 0.110066 0.483736 0.0105047 0.0133307
