3 0.272134 0.34165 0.109225 0.181856
3 0.248895 0.506262 0.0903379 0.142088
4 0.398767 0.427253 0.0454618 0.125165
4 0.283086 0.170309 0.0538162 0.156764
4 0.294775 0.599323 0.0754507 0.121672
7 0.516778 0.582134 0.0532829 0.0808411
4 0.378832 0.706477 0.0854325 0.0598818
7 0.252261 0.59882 0.0587584 0.0945945
4 0.548938 0.418218 0.071577 0.0796383
3 0.885843 0.238236 0.0578251 0.0797431
4 0.476367 0.600351 0.0525469 0.107713
4 0.545513 0.644626 0.0418551 0.127804
4 0.197652 0.672676 0.062265 0.0821709
4 0.455029 0.273976 0.0349614 0.101827
3 0.76502 0.258367 0.0488561 0.0787388
3 0.838916 0.484937 0.0272888 0.0464345
6 0.302224 0.417371 0.048164 0.0843392
3 0.993305 0.227724 0.0125057 0.0812435
3 0.751365 0.482885 0.0293112 0.0484533
5 0.221453 0.157465 0.0153778 0.0894921
3 0.7399 0.438805 0.027949 0.0512659
4 0.321637 0.214112 0.0296037 0.0952982
5 0.210211 0.211075 0.0265454 0.11645
5 0.20838 0.201605 0.0170993 0.0913733
5 0.485692 0.168638 0.0140596 0.117023
4 0.498048 0.435789 0.0342355 0.0712251
6 0.44262 0.441269 0.0249529 0.0594106
5 0.403792 0.155186 0.0168326 0.136249
5 0.503964 0.250333 0.0102142 0.0696291
7 0.393716 0.604392 0.0261633 0.0869782
6 0.238109 0.429171 0.056951 0.0779505
7 0.442612 0.556916 0.0223875 0.0635764
5 0.547739 0.205226 0.0140768 0.107183
4 0.522396 0.62398 0.0296902 0.0503211
6 0.469676 0.430583 0.0289627 0.0717068
5 0.371951 0.271684 0.0132974 0.0953682
5 0.503608 0.260619 0.0137233 0.0911571
5 0.501602 0.269815 0.0189513 0.116488
5 0.241149 0.208656 0.0116511 0.0638349
5 0.788478 0.386906 0.0116747 0.0598182
5 0.212545 0.215882 0.042995 0.117976
6 0.467761 0.4413 0.0263988 0.0699161
5 0.541673 0.22399 0.0273451 0.148171
5 0.528794 0.229057 0.0560735 0.166554
5 0.373144 0.274917 0.0176904 0.103737
