3 0.68898 0.251127 0.110319 0.190252
3 0.84325 0.418525 0.102491 0.174222
3 0.850628 0.234093 0.0924774 0.148866
3 0.561024 0.397514 0.0901776 0.1555
0 0.432467 0.735704 0.274651 0.231749
3 0.599266 0.2311 0.0798704 0.148058
3 0.726008 0.368596 0.0640055 0.14224
3 0.942155 0.277636 0.0393904 0.0597501
7 0.578563 0.485478 0.0504326 0.0828916
6 0.577937 0.313236 0.0542137 0.0871533
5 0.907573 0.0605852 0.0177496 0.103055
5 0.861516 0.0593672 0.0182934 0.113297
7 0.625139 0.42977 0.0309796 0.0727144
4 0.479516 0.515423 0.0407503 0.0694687
5 0.734472 0.0621328 0.0160637 0.124266
5 0.612725 0.0808703 0.0115576 0.0811349
6 0.638821 0.329841 0.0255293 0.0991716
3 0.752218 0.18815 0.0228188 0.0582806
6 0.819101 0.336115 0.0559539 0.0744518
5 0.772652 0.0856169 0.0139052 0.101182
5 0.643067 0.0622395 0.0200291 0.124479
6 0.75016 0.283893 0.0173504 0.0401871
7 0.813357 0.509057 0.0543568 0.0737956
5 0.705053 0.0818609 0.0108643 0.0807907
6 0.63408 0.31149 0.0206194 0.0681183
6 0.874608 0.313375 0.0421989 0.064674
6 0.829354 0.330076 0.043779 0.0711957
