3 0.282698 0.414806 0.0417988 0.0749595
3 0.132278 0.951397 0.107308 0.0684416
3 0.314328 0.471332 0.02791 0.0620568
3 0.217186 0.470211 0.0378841 0.0658305
3 0.17378 0.412802 0.0442665 0.0717118
3 0.394175 0.381955 0.0147811 0.0307268
3 0.521106 0.454176 0.0161341 0.0303037
3 0.395752 0.496724 0.0132575 0.0448512
3 0.275862 0.496981 0.0195565 0.0347083
5 0.270678 0.346676 0.00921467 0.0469978
5 0.218752 0.343962 0.00920339 0.0491663
6 0.26877 0.453746 0.0197907 0.038626
7 0.27289 0.528468 0.0146597 0.02608
