3 0.406552 0.362136 0.1498 0.258558
3 0.636649 0.601482 0.140572 0.243908
4 0.870527 0.865129 0.0739899 0.195387
4 0.266439 0.52997 0.129273 0.141422
7 0.462648 0.720463 0.0433185 0.0896467
3 0.867058 0.243116 0.038559 0.0743455
3 0.699255 0.336931 0.116633 0.201767
6 0.462777 0.481861 0.0455688 0.0968445
7 0.589431 0.716434 0.0570211 0.0883621
3 0.983683 0.345649 0.0314926 0.0555911
3 0.325435 0.558399 0.0614762 0.183526
6 0.593901 0.478589 0.0577037 0.0970778
5 0.332229 0.0974152 0.0219183 0.136975
5 0.444863 0.0922826 0.020089 0.148178
3 0.870745 0.314662 0.0267204 0.057472
3 0.570297 0.501223 0.10672 0.171499
7 0.428838 0.573502 0.0385299 0.0998984
5 0.258299 0.105217 0.0235077 0.119562
7 0.360594 0.703937 0.0536174 0.086166
5 0.744477 0.116075 0.0144709 0.111238
5 0.712342 0.110502 0.0180644 0.136605
5 0.624503 0.10931 0.0256281 0.158541
6 0.682403 0.445955 0.044424 0.0599403
5 0.536928 0.132026 0.0152143 0.0965453
6 0.527079 0.390045 0.0244197 0.0790352
6 0.605438 0.397642 0.0239353 0.083834
5 0.413227 0.130121 0.0158711 0.0975654
6 0.355372 0.4682 0.0518147 0.0951699
3 0.744633 0.243068 0.0390739 0.0578476
7 0.365229 0.610495 0.021161 0.0728494
