3 0.702618 0.422454 0.0214161 0.0350588
3 0.964895 0.607569 0.0695984 0.15224
3 0.781838 0.570825 0.0376917 0.0613232
3 0.0515758 0.556837 0.101814 0.15249
3 0.761023 0.424694 0.0211506 0.0345831
3 0.698233 0.385293 0.0195417 0.0314876
3 0.738218 0.389932 0.0221156 0.0378115
5 0.984486 0.330758 0.0225813 0.0918463
3 0.757315 0.385784 0.0178229 0.0312247
3 0.56503 0.460178 0.0139051 0.0300871
4 0.498577 0.798056 0.0219682 0.0903936
3 0.795655 0.510709 0.030254 0.046873
4 0.636799 0.606514 0.0226162 0.0258229
6 0.982664 0.539738 0.0346434 0.074551
