3 0.692776 0.457324 0.168803 0.297017
3 0.415744 0.179957 0.204335 0.354136
3 0.219358 0.444365 0.155191 0.267819
3 0.675529 0.177977 0.122918 0.228068
3 0.505939 0.351111 0.0904381 0.223419
6 0.646216 0.621366 0.103804 0.120423
3 0.79312 0.270637 0.0207809 0.0409646
3 0.570617 0.256192 0.031726 0.055832
3 0.529877 0.197041 0.0312489 0.0605175
6 0.255061 0.327875 0.0711815 0.104065
6 0.338014 0.308403 0.061533 0.139268
6 0.659432 0.315758 0.104123 0.156048
5 0.54884 0.0761565 0.0207602 0.145913
3 0.577631 0.199753 0.0258725 0.0574955
6 0.522481 0.259246 0.0298314 0.0714743
