3 0.633414 0.536207 0.0282832 0.0464415
3 0.824224 0.635583 0.051711 0.0793962
3 0.23541 0.728163 0.0557969 0.103351
3 0.333385 0.459802 0.0689283 0.114991
3 0.281053 0.545381 0.0592468 0.104342
3 0.443582 0.552083 0.0598768 0.110365
3 0.467395 0.433095 0.0505677 0.0891092
4 0.548559 0.535389 0.0213259 0.0166842
3 0.412741 0.499677 0.0463949 0.071178
6 0.286405 0.498161 0.0373394 0.0602361
5 0.431551 0.340575 0.0100523 0.06521
3 0.470135 0.516555 0.027759 0.043748
4 0.749763 0.587883 0.0192236 0.0237298
5 0.468271 0.341989 0.0102324 0.0610843
5 0.482898 0.34724 0.00881691 0.0544723
6 0.414666 0.502966 0.041639 0.061375
7 0.423245 0.613938 0.0293121 0.0427719
7 0.364348 0.627304 0.019614 0.04032
5 0.338223 0.347506 0.00949882 0.0535043
0 0.500786 0.76168 0.166277 0.363597
