3 0.0504787 0.722157 0.100957 0.212632
3 0.0166129 0.494169 0.0332258 0.158772
3 0.432437 0.388445 0.0157028 0.0328076
3 0.425288 0.424633 0.0208427 0.0348452
3 0.369309 0.42622 0.0198002 0.0376687
5 0.0415689 0.323989 0.0257677 0.110418
4 0.497829 0.796039 0.0228622 0.0708334
3 0.39053 0.390717 0.0214774 0.0379355
6 0.0167708 0.629165 0.0332639 0.0692464
5 0.00948523 0.315201 0.0189705 0.129574
6 0.0162701 0.576184 0.0320539 0.0804979
4 0.156448 0.541161 0.0151138 0.0182556
3 0.408618 0.421106 0.0152426 0.0378532
6 0.0479901 0.588479 0.0372038 0.057676
3 0.31149 0.567894 0.0362241 0.047866
0 0.500674 0.724459 0.144924 0.412193
7 0.0243714 0.844767 0.0481512 0.095965
4 0.509379 0.45805 0.0135268 0.0158133
