3 0.0660173 0.667492 0.122016 0.184178
3 0.196274 0.462303 0.0807234 0.140673
3 0.296708 0.562426 0.0318067 0.0611215
3 0.262136 0.569797 0.0341052 0.0644782
3 0.179628 0.556662 0.0729284 0.104231
3 0.531111 0.561104 0.0256573 0.0567028
4 0.501179 0.793136 0.0202717 0.0670982
4 0.630454 0.745695 0.0174617 0.0574342
3 0.0477472 0.45739 0.0778651 0.129109
4 0.394955 0.571745 0.024567 0.0214841
3 0.115524 0.565343 0.0344733 0.069145
4 0.37189 0.709184 0.0385427 0.0257898
5 0.194224 0.332927 0.0138257 0.085492
5 0.0928137 0.339645 0.0254913 0.125876
