3 0.478267 0.408154 0.0340315 0.0633502
3 0.53265 0.472935 0.0322067 0.066143
3 0.838391 0.600853 0.0539894 0.0848598
3 0.438056 0.491654 0.0202957 0.0393396
3 0.558776 0.404896 0.0291594 0.0612995
3 0.370246 0.407241 0.0155442 0.0267347
3 0.188053 0.618674 0.0422637 0.0773123
3 0.456164 0.459493 0.0260984 0.054495
3 0.393826 0.381723 0.0169619 0.0313904
3 0.409674 0.408186 0.0149515 0.0279777
3 0.319753 0.420864 0.0126628 0.0249367
3 0.366967 0.376869 0.014308 0.0246144
5 0.546184 0.34917 0.00797405 0.0378272
3 0.364089 0.37659 0.0136806 0.0268633
4 0.832469 0.657794 0.0176647 0.0367235
5 0.48257 0.351316 0.00731106 0.0405053
3 0.366821 0.384231 0.013443 0.0231322
