3 0.39626 0.408426 0.0353074 0.0650085
3 0.113291 0.602487 0.0479707 0.0720321
3 0.220666 0.504834 0.0281318 0.0477056
3 0.29028 0.414126 0.0422319 0.0733086
0 0.499849 0.834639 0.147459 0.188839
3 0.341542 0.485748 0.0405002 0.0738491
3 0.399421 0.464166 0.0320092 0.0567999
3 0.308309 0.463299 0.0360259 0.0555955
3 0.354159 0.403929 0.0280944 0.0618709
3 0.0280184 0.580007 0.0235777 0.0692578
0 0.500891 0.723196 0.150433 0.42604
4 0.0089809 0.531237 0.0179045 0.0275956
4 0.532977 0.51303 0.0156077 0.0210689
