3 0.958434 0.594013 0.0481943 0.0646069
3 0.701396 0.434332 0.0575563 0.095438
3 0.723385 0.563161 0.0654383 0.109249
3 0.632808 0.462109 0.0704918 0.127097
3 0.544201 0.433962 0.0498257 0.088577
3 0.581207 0.54961 0.0282145 0.0546982
3 0.535728 0.550855 0.0577118 0.108949
6 0.550342 0.511164 0.0348317 0.0490097
6 0.706937 0.524493 0.0389996 0.0493829
5 0.53677 0.342116 0.00911903 0.0538885
4 0.912575 0.600883 0.0300318 0.0231398
5 0.606282 0.338713 0.0107048 0.0714086
5 0.517607 0.343207 0.0101529 0.0539426
5 0.73601 0.336448 0.0131268 0.0659429
5 0.638909 0.345424 0.00833626 0.0452411
5 0.733558 0.337039 0.013297 0.066476
3 0.499058 0.549441 0.0184346 0.038472
5 0.667345 0.336273 0.0105204 0.0688049
4 0.913978 0.599879 0.0333355 0.0302519
6 0.532732 0.475195 0.0257391 0.0370395
