3 0.221497 0.706944 0.0569242 0.100823
3 0.958472 0.805338 0.0830557 0.139248
3 0.367454 0.513246 0.0236258 0.0416283
3 0.718744 0.690981 0.0533068 0.0960798
3 0.472908 0.450018 0.0264275 0.0498358
4 0.497132 0.748516 0.0227526 0.0775269
3 0.495875 0.436916 0.0171642 0.0396992
3 0.546221 0.446579 0.0268593 0.0485946
3 0.463637 0.398668 0.0222682 0.0358367
3 0.519602 0.40256 0.0269906 0.0487304
3 0.514105 0.466299 0.0158085 0.0296511
3 0.359478 0.540185 0.0126257 0.0429438
1 0.499717 0.838254 0.146623 0.195399
3 0.525534 0.401314 0.0314278 0.0444594
