3 0.82263 0.590662 0.0347412 0.0703867
3 0.472873 0.408063 0.037764 0.0636021
3 0.554602 0.403726 0.0313486 0.0565187
3 0.455704 0.459403 0.0290213 0.062625
3 0.435918 0.547798 0.0218855 0.0559904
3 0.52566 0.472249 0.034734 0.0684541
4 0.442693 0.923534 0.0566503 0.0494815
5 0.543398 0.346615 0.00849374 0.0361656
4 0.309775 0.510738 0.0168278 0.0157559
4 0.0717135 0.645999 0.0371185 0.0328174
5 0.516186 0.347103 0.00852785 0.0373884
5 0.455791 0.346995 0.00763645 0.0347452
5 0.49566 0.350641 0.00560265 0.0333379
3 0.488855 0.395238 0.0214772 0.039971
3 0.519702 0.466021 0.0259781 0.0741286
