4 0.0327538 0.825067 0.0640429 0.0773901
3 0.0700537 0.711736 0.0682547 0.105162
3 0.430669 0.525177 0.0493814 0.0939683
3 0.502913 0.441397 0.0537498 0.101518
3 0.902701 0.438903 0.0301102 0.0446519
4 0.495582 0.748508 0.0290508 0.0756115
3 0.557324 0.420464 0.0425735 0.0801537
3 0.921529 0.392282 0.0224287 0.0402098
3 0.570507 0.520783 0.0460821 0.0935442
3 0.822577 0.430881 0.023122 0.0405688
3 0.437313 0.422819 0.0403282 0.0796001
3 0.688181 0.464133 0.0167934 0.0313577
3 0.856423 0.394053 0.0271687 0.0434348
1 0.499823 0.8378 0.1428 0.184606
5 0.481585 0.348119 0.0104136 0.0793789
3 0.877325 0.430465 0.0196548 0.0380352
5 0.587564 0.339592 0.0102495 0.0591483
5 0.411679 0.341479 0.00974464 0.0541374
5 0.427073 0.341181 0.0112267 0.0537492
5 0.438324 0.340731 0.00850878 0.0520741
3 0.836715 0.388022 0.0158739 0.0341237
5 0.511697 0.34702 0.00872641 0.0542469
6 0.441455 0.488973 0.0303114 0.0470852
5 0.55465 0.343263 0.00794525 0.0444822
4 0.792785 0.467999 0.0157379 0.0173399
6 0.433178 0.473164 0.0288748 0.0431429
6 0.566109 0.472418 0.0202449 0.0409166
6 0.559561 0.488827 0.0276084 0.0404657
7 0.442808 0.577635 0.0302323 0.0386233
5 0.581894 0.340514 0.00835686 0.0543179
5 0.584193 0.342946 0.0128105 0.0617035
