3 0.356023 0.839894 0.0902765 0.174769
3 0.333494 0.627289 0.0509472 0.094646
3 0.324729 0.5443 0.0358456 0.0635891
3 0.712299 0.497437 0.0408627 0.0804701
3 0.591407 0.496434 0.0391956 0.0792555
3 0.66102 0.427031 0.0445061 0.0833927
3 0.588379 0.41085 0.0371368 0.0646242
4 0.360935 0.958809 0.0304667 0.0756211
3 0.695771 0.411481 0.0336399 0.0639509
3 0.631619 0.472974 0.0279486 0.0615192
4 0.336557 0.701939 0.0163802 0.0659437
3 0.988975 0.395976 0.0209097 0.0465664
3 0.954117 0.433816 0.0291073 0.0427623
4 0.501286 0.792224 0.0212762 0.063418
3 0.971329 0.39124 0.0191772 0.0376374
1 0.499586 0.836953 0.143292 0.183131
1 0.500069 0.731057 0.141864 0.392882
6 0.702029 0.47056 0.0236437 0.0369345
5 0.578126 0.345463 0.0106207 0.0393285
6 0.678146 0.469852 0.0174381 0.0415612
5 0.596153 0.345508 0.00940914 0.0398847
7 0.698457 0.544131 0.0258754 0.040154
7 0.602414 0.54068 0.0208008 0.038772
5 0.713293 0.343829 0.00653871 0.0486979
5 0.646999 0.347135 0.00820503 0.0509394
5 0.685216 0.342896 0.0080986 0.0466591
6 0.600808 0.465294 0.0211914 0.0321405
5 0.621477 0.349319 0.00644913 0.0353025
