3 0.327938 0.672666 0.0470928 0.0906629
3 0.687036 0.429498 0.0525516 0.0950364
3 0.677011 0.502939 0.0413506 0.0725592
3 0.813398 0.511543 0.0423941 0.0846429
3 0.738666 0.421091 0.0359068 0.0744805
3 0.628289 0.440345 0.0212858 0.0249292
3 0.851533 0.437182 0.0655365 0.102216
3 0.771757 0.545151 0.0602526 0.106118
1 0.499929 0.836003 0.1456 0.186455
4 0.495335 0.792168 0.0242028 0.0747692
3 0.657713 0.413045 0.0172998 0.0319657
5 0.66866 0.342526 0.00954361 0.0528152
3 0.658177 0.384708 0.0185049 0.0332375
5 0.758229 0.343938 0.0114086 0.0764802
5 0.693669 0.340853 0.00842457 0.0566761
6 0.699187 0.483848 0.0280691 0.0490387
5 0.811334 0.34293 0.0122944 0.0727494
4 0.284617 0.703759 0.0391321 0.0383497
4 0.270519 0.720602 0.0433857 0.048921
5 0.869893 0.345882 0.0172676 0.0698023
4 0.440114 0.555067 0.0205884 0.0275592
4 0.436312 0.561067 0.0221952 0.025356
5 0.86825 0.344879 0.011384 0.0669392
3 0.563903 0.439181 0.012549 0.0252547
5 0.683047 0.344647 0.00944869 0.0528621
7 0.674984 0.55716 0.0345802 0.0701869
5 0.847138 0.344588 0.009935 0.0606471
4 0.279799 0.709353 0.0475638 0.0513776
5 0.688473 0.342184 0.00656376 0.0597926
5 0.723149 0.344784 0.0106205 0.0457674
6 0.844922 0.487916 0.0270321 0.0339498
6 0.84147 0.490639 0.0341345 0.0375832
7 0.698375 0.577202 0.0229616 0.0509172
7 0.739526 0.591364 0.013851 0.0463173
