3 0.353974 0.431946 0.0526165 0.0918594
3 0.266288 0.525702 0.0576137 0.0944453
0 0.500352 0.756951 0.164747 0.374545
3 0.228086 0.427933 0.0542104 0.0818865
3 0.392487 0.496152 0.0406765 0.0757841
3 0.495061 0.38565 0.0190083 0.0300777
3 0.472009 0.420537 0.0167559 0.0293991
5 0.256661 0.350327 0.00807075 0.0430623
3 0.526191 0.383331 0.0157715 0.0297038
5 0.232658 0.345461 0.00811992 0.0483853
5 0.271054 0.345996 0.00997305 0.0520894
5 0.339004 0.348716 0.00882873 0.0572306
3 0.285476 0.480842 0.0315653 0.050469
3 0.523135 0.412157 0.0150089 0.0297597
6 0.229733 0.47469 0.0310673 0.0356253
6 0.235041 0.476642 0.0296776 0.0362354
6 0.3365 0.480996 0.017649 0.0481383
3 0.4755 0.41407 0.0186725 0.030209
6 0.387602 0.462359 0.0243802 0.0433326
7 0.337513 0.567175 0.0203468 0.0368481
7 0.289332 0.568467 0.0261834 0.0345695
5 0.210545 0.344442 0.00891209 0.0457845
5 0.288126 0.348511 0.00950766 0.046573
3 0.57656 0.42754 0.0120108 0.0254532
7 0.336329 0.516137 0.0166715 0.0357845
7 0.372393 0.552207 0.0181495 0.0422379
5 0.21952 0.346189 0.00757914 0.043444
5 0.368014 0.348657 0.00882406 0.0455903
7 0.231127 0.551226 0.0262531 0.032388
5 0.364825 0.34996 0.00859737 0.0487795
7 0.229337 0.543755 0.021367 0.0332499
7 0.39008 0.542564 0.0256208 0.0372213
7 0.24189 0.561994 0.0342678 0.0314807
