3 0.657308 0.683537 0.0629262 0.106554
3 0.0548595 0.76034 0.0710161 0.130802
3 0.450273 0.40786 0.0353384 0.0629344
3 0.400533 0.48232 0.0372943 0.0705226
3 0.350067 0.409173 0.0364676 0.0652686
3 0.645128 0.531571 0.0271828 0.0532949
3 0.357457 0.464003 0.0296188 0.0562413
3 0.404816 0.402784 0.0254086 0.0559921
3 0.449246 0.462778 0.028961 0.0523936
5 0.345399 0.346103 0.00862087 0.0403281
3 0.354035 0.43762 0.0285088 0.0221778
5 0.383601 0.350417 0.00697823 0.0449618
5 0.414117 0.343876 0.0072669 0.0510384
5 0.447261 0.347907 0.00939884 0.0428518
