4 0.303867 0.964255 0.0807916 0.0684374
0 0.500139 0.845328 0.161833 0.189676
3 0.424886 0.395181 0.0205664 0.0334685
3 0.437078 0.51696 0.0229159 0.0451155
3 0.509944 0.468674 0.0188385 0.0286007
3 0.444105 0.438743 0.02572 0.0472756
3 0.344251 0.496653 0.015858 0.0360036
3 0.504781 0.433061 0.0235399 0.0407179
4 0.295863 0.94379 0.0664678 0.10047
3 0.4866 0.398673 0.0229614 0.0425167
4 0.281622 0.939674 0.0383751 0.0922492
4 0.961462 0.59069 0.0173447 0.0257617
3 0.50759 0.469158 0.0212349 0.03262
