3 0.891707 0.570157 0.0739475 0.114832
3 0.698318 0.532934 0.0556111 0.0984322
3 0.881521 0.435977 0.0645164 0.10272
3 0.712141 0.426182 0.0460809 0.0868428
3 0.644717 0.676455 0.0482571 0.0914329
4 0.498539 0.797155 0.0225832 0.0694636
3 0.790865 0.460298 0.0713993 0.129356
4 0.359149 0.5816 0.0148989 0.0254871
7 0.862337 0.633046 0.0487324 0.0426239
5 0.88052 0.339088 0.00867729 0.0509357
5 0.932707 0.33718 0.0116791 0.0720579
7 0.710426 0.595863 0.0334848 0.0554333
5 0.686683 0.342961 0.0100959 0.0589715
0 0.501084 0.726423 0.146652 0.412533
5 0.910327 0.338864 0.0150276 0.0694266
5 0.814784 0.344788 0.0101681 0.0606335
5 0.720957 0.345283 0.00824814 0.051107
5 0.826695 0.335223 0.0121798 0.0673215
6 0.710355 0.494992 0.0327986 0.0486082
6 0.871339 0.524624 0.0418915 0.0522576
5 0.769353 0.3423 0.0146734 0.0727649
5 0.765782 0.339419 0.011714 0.0717743
1 0.498148 0.729661 0.144063 0.404668
5 0.701116 0.34164 0.0126123 0.0607823
6 0.893201 0.497064 0.0325052 0.0452642
6 0.885348 0.509865 0.0352722 0.0461544
5 0.81464 0.352164 0.0121685 0.0788833
