3 0.809584 0.492456 0.103357 0.16599
0 0.50103 0.757714 0.159031 0.360375
3 0.953009 0.647281 0.0939829 0.173755
3 0.687257 0.581101 0.0714413 0.123806
3 0.956319 0.459589 0.0873611 0.163756
3 0.568043 0.272004 0.0243292 0.0422643
3 0.880684 0.960598 0.127029 0.078804
3 0.721807 0.439372 0.0630442 0.107882
4 0.421564 0.694379 0.0363167 0.0322925
4 0.234416 0.670963 0.0324369 0.0366815
5 0.68876 0.335818 0.0111249 0.068611
5 0.694879 0.337685 0.0141056 0.0677944
6 0.938846 0.588675 0.0741493 0.0690874
6 0.684892 0.506785 0.0343444 0.0407843
5 0.735124 0.341859 0.00909977 0.0492878
