3 0.566468 0.415743 0.041827 0.075548
3 0.622992 0.506135 0.0467905 0.0809427
3 0.687055 0.421146 0.0460078 0.081888
3 0.593786 0.660939 0.0434149 0.0892962
3 0.571145 0.472158 0.0317289 0.0543821
3 0.675336 0.483709 0.0407509 0.065614
3 0.623384 0.408552 0.0407725 0.0644863
4 0.501574 0.794118 0.0234631 0.0677824
5 0.704246 0.344421 0.00914516 0.0495206
3 0.675855 0.471623 0.0361162 0.0436974
3 0.650892 0.409446 0.020483 0.0435983
5 0.643095 0.345921 0.00983308 0.0561048
5 0.679618 0.34479 0.00826874 0.0459025
7 0.673339 0.544635 0.0346315 0.040049
5 0.607245 0.342365 0.00927137 0.0474574
5 0.688638 0.344819 0.00783043 0.0541734
5 0.555749 0.34758 0.00909882 0.047766
7 0.563467 0.521981 0.0254078 0.0422451
