3 0.0288284 0.614816 0.0573999 0.143622
3 0.681783 0.151807 0.0367111 0.0635974
4 0.798059 0.903716 0.0724761 0.0484582
3 0.15412 0.458025 0.0770285 0.119883
0 0.498377 0.752983 0.165763 0.38202
3 0.105163 0.432438 0.0536782 0.0970856
6 0.127371 0.527175 0.0396164 0.0651608
3 0.248934 0.388703 0.0216494 0.0328042
3 0.191098 0.535685 0.0597487 0.0994638
3 0.282407 0.420901 0.0243214 0.037896
7 0.13512 0.641743 0.0349902 0.060557
6 0.0432315 0.547717 0.0367681 0.0578554
6 0.180803 0.505524 0.0437089 0.0551041
3 0.337337 0.429473 0.0145308 0.0246242
3 0.213843 0.433487 0.0369584 0.0434574
5 0.180554 0.340299 0.0102857 0.0653486
3 0.285281 0.385826 0.0201277 0.0287059
5 0.131946 0.341292 0.0138247 0.0783039
6 0.0138611 0.505528 0.0274476 0.0580526
7 0.180964 0.613032 0.0368844 0.0568546
5 0.07859 0.344597 0.0107256 0.0529055
7 0.089783 0.577212 0.0159418 0.0588987
3 0.221679 0.425062 0.025773 0.034933
6 0.0823779 0.494067 0.0127312 0.0479324
