3 0.260765 0.533703 0.0595065 0.0959937
0 0.499867 0.752855 0.162404 0.367932
3 0.760974 0.599049 0.0450536 0.0736045
3 0.35286 0.437856 0.0552872 0.0957031
3 0.238393 0.429585 0.0518192 0.0822361
3 0.405272 0.503514 0.0425378 0.07615
3 0.302197 0.491703 0.0423116 0.0757634
3 0.543157 0.415505 0.0171883 0.0307909
3 0.591234 0.417731 0.020537 0.0305929
3 0.341809 0.263668 0.0185412 0.0282516
3 0.558226 0.384506 0.0191992 0.0277959
5 0.331811 0.344916 0.00940237 0.0497791
5 0.260981 0.34476 0.00885229 0.0538289
6 0.398328 0.471745 0.0267037 0.0415788
5 0.217126 0.341989 0.00964184 0.0444761
6 0.236233 0.47253 0.0250108 0.0312134
5 0.361785 0.346125 0.00807215 0.0449799
5 0.230109 0.344761 0.00987253 0.0496435
5 0.231938 0.344236 0.0108845 0.0504196
6 0.372366 0.487936 0.024831 0.0497662
5 0.411202 0.345456 0.00950718 0.0511031
3 0.598066 0.385308 0.0164705 0.0273692
7 0.281972 0.582833 0.0280232 0.03602
6 0.33302 0.484189 0.0129227 0.046579
5 0.278385 0.348846 0.0079134 0.0447247
6 0.283652 0.491363 0.0162568 0.043892
5 0.312932 0.34692 0.00862131 0.0450055
