3 0.35822 0.333298 0.119202 0.207132
3 0.254165 0.515247 0.106985 0.171171
4 0.50415 0.724695 0.0788995 0.0772542
4 0.244494 0.714331 0.091464 0.0805944
4 0.402454 0.617622 0.0501786 0.120786
3 0.708011 0.271104 0.0446936 0.066152
4 0.39793 0.1318 0.0440359 0.179264
3 0.808456 0.269151 0.0473228 0.0704152
3 0.609551 0.276749 0.0430128 0.0673973
7 0.316025 0.615958 0.0397679 0.0838804
7 0.261251 0.599805 0.0623901 0.087795
4 0.615408 0.646267 0.0391523 0.123923
4 0.561314 0.599979 0.0709015 0.109067
7 0.500234 0.611244 0.0499023 0.081585
3 0.609488 0.48192 0.0218645 0.0417164
4 0.276772 0.179548 0.028104 0.10197
4 0.427552 0.26258 0.0224771 0.104604
6 0.51499 0.422574 0.0670107 0.118015
5 0.222725 0.150085 0.0148199 0.111868
5 0.5826 0.166491 0.0145418 0.118637
6 0.403533 0.408343 0.0290665 0.0867204
4 0.513316 0.423674 0.0672941 0.124904
6 0.256094 0.424049 0.0637642 0.0943302
5 0.238851 0.168925 0.0547106 0.158238
5 0.297682 0.112907 0.0162633 0.129687
6 0.312472 0.414383 0.0334527 0.0902262
5 0.528929 0.131812 0.0139751 0.12088
7 0.350914 0.562568 0.0259591 0.0646322
5 0.296512 0.12934 0.0176791 0.16741
5 0.222859 0.160294 0.0193739 0.134943
5 0.558449 0.206113 0.0107757 0.0633048
