3 0.323857 0.538957 0.0537493 0.104568
3 0.122428 0.58127 0.0810246 0.126856
3 0.639777 0.469567 0.0161554 0.0322544
3 0.303698 0.427111 0.0490082 0.0933864
3 0.129686 0.444517 0.0671062 0.107255
3 0.595509 0.420696 0.0198154 0.0351996
1 0.500011 0.726008 0.145391 0.413238
4 0.498559 0.744159 0.0339331 0.0704772
3 0.229693 0.462921 0.0747498 0.135973
3 0.566056 0.386362 0.0183132 0.0333626
3 0.602516 0.385298 0.0185078 0.0290094
4 0.598199 0.595221 0.0195276 0.0267389
3 0.545025 0.416604 0.0191086 0.037617
7 0.150044 0.644871 0.0500582 0.0468723
3 0.19856 0.549024 0.0255225 0.0575385
5 0.131365 0.341203 0.0119053 0.0644853
5 0.320514 0.340876 0.0103514 0.0660657
5 0.256676 0.335033 0.0118148 0.0723202
5 0.0808256 0.343765 0.0228368 0.0888136
3 0.582208 0.416697 0.0158588 0.0370471
5 0.107069 0.340303 0.0251406 0.0815754
3 0.195795 0.547343 0.0322991 0.0687482
5 0.334371 0.340042 0.0128447 0.0679322
5 0.0845755 0.350087 0.0313588 0.10051
5 0.239883 0.341644 0.00952034 0.0530298
5 0.104934 0.337742 0.0154599 0.0782298
5 0.193219 0.334806 0.0169946 0.0797784
6 0.308875 0.503421 0.032003 0.0549657
6 0.31194 0.497394 0.0300515 0.0550499
1 0.499883 0.834358 0.146164 0.192963
5 0.296484 0.341769 0.00886583 0.0511055
