4 0.410541 0.925428 0.0369185 0.108197
3 0.903606 0.57761 0.0851757 0.127514
3 0.967235 0.447081 0.0651539 0.121438
3 0.787334 0.445413 0.0683878 0.112547
3 0.585545 0.438287 0.0136419 0.0242178
3 0.664869 0.384883 0.018203 0.0331578
3 0.746624 0.516197 0.0536552 0.0977135
3 0.637034 0.413633 0.0169863 0.0310561
3 0.684711 0.415372 0.0160919 0.0338199
6 0.753417 0.483136 0.0378374 0.0626761
6 0.805315 0.505436 0.0246956 0.0550605
4 0.493766 0.788541 0.0271694 0.0780382
7 0.80176 0.612759 0.026207 0.0552547
3 0.634948 0.382391 0.0171738 0.031407
5 0.960242 0.334762 0.0133682 0.0650503
3 0.655054 0.410699 0.0186705 0.031106
3 0.897294 0.507721 0.0635286 0.0667285
5 0.761715 0.339661 0.0107801 0.0669707
5 0.803716 0.343167 0.0106886 0.0779739
7 0.865341 0.63165 0.0297518 0.0383537
1 0.499753 0.83795 0.143701 0.183576
5 0.742647 0.344989 0.0121975 0.0581667
7 0.749166 0.579657 0.0432917 0.0613793
3 0.683323 0.384315 0.0172268 0.0313633
5 0.738866 0.344873 0.0097964 0.0611706
3 0.633069 0.379184 0.0155301 0.030478
5 0.897491 0.3386 0.0156939 0.0758687
5 0.785997 0.340742 0.010387 0.0604113
7 0.75409 0.58553 0.0393051 0.0607013
6 0.874079 0.515617 0.0281816 0.0544161
6 0.965881 0.508374 0.0472998 0.0469147
4 0.798709 0.954752 0.0658524 0.0485469
7 0.759703 0.587248 0.0302175 0.0514205
1 0.500376 0.72449 0.146478 0.419272
5 0.994483 0.336163 0.0101112 0.0560737
5 0.890444 0.354815 0.0319731 0.110473
5 0.941195 0.339614 0.0120506 0.0560136
