3 0.294887 0.422613 0.0445067 0.0809359
3 0.141897 0.430502 0.0587376 0.0903897
3 0.220975 0.522161 0.0530892 0.0929675
3 0.564887 0.53607 0.0269306 0.050681
3 0.415613 0.502975 0.0213453 0.0429152
3 0.297178 0.48559 0.0408484 0.0637102
0 0.499694 0.834453 0.146467 0.186862
3 0.23743 0.414418 0.0369501 0.0715985
3 0.168602 0.494436 0.0502743 0.0775222
4 0.444196 0.51698 0.016554 0.0153691
6 0.156335 0.48008 0.0305392 0.0467393
4 0.672015 0.735073 0.0233118 0.0512397
5 0.136705 0.342386 0.010554 0.0552935
0 0.499453 0.728436 0.148897 0.415407
5 0.167139 0.344608 0.00913286 0.0433482
5 0.186748 0.338966 0.00985633 0.0571249
5 0.233837 0.340884 0.00995483 0.0538829
5 0.120618 0.342051 0.0102429 0.0516467
7 0.151342 0.565095 0.0338007 0.0389785
7 0.304769 0.532109 0.0242791 0.0393747
5 0.289291 0.344375 0.00784168 0.0524849
5 0.2176 0.346294 0.00702009 0.0405371
7 0.286149 0.541542 0.0214145 0.0372799
7 0.147571 0.554062 0.0332637 0.0279009
7 0.154693 0.568383 0.0323473 0.0390576
7 0.163127 0.567848 0.0286515 0.0383234
7 0.295945 0.537008 0.0381393 0.0400815
6 0.167967 0.492553 0.0487453 0.0712904
7 0.154701 0.539738 0.0173408 0.0284365
5 0.307638 0.346553 0.00772963 0.0478437
