3 0.272799 0.78253 0.0845612 0.156374
3 0.0963146 0.828423 0.0932359 0.141404
3 0.906202 0.458484 0.0849014 0.128786
3 0.37 0.617591 0.0390687 0.0783496
4 0.27919 0.897498 0.0308664 0.10327
3 0.777362 0.570354 0.0712925 0.124117
4 0.892854 0.860173 0.0525932 0.0626734
3 0.896237 0.552164 0.0752886 0.0933821
3 0.703062 0.435914 0.0551827 0.100656
3 0.725792 0.5112 0.0520027 0.0890419
6 0.879886 0.530833 0.0418159 0.0620537
3 0.814048 0.430577 0.0479324 0.093484
5 0.910044 0.335917 0.0137535 0.0789615
5 0.814277 0.339815 0.00988464 0.078889
6 0.71163 0.497232 0.029994 0.0526714
5 0.739576 0.342411 0.00960617 0.0557025
5 0.842084 0.343878 0.00892448 0.0625614
5 0.710969 0.340635 0.00987892 0.0593045
5 0.943994 0.336853 0.0183784 0.0744538
5 0.755156 0.340176 0.0102465 0.071503
5 0.840144 0.346966 0.00899258 0.0670052
3 0.484251 0.561718 0.0264265 0.0576838
7 0.705815 0.590856 0.0371396 0.0580302
5 0.796976 0.345505 0.00952587 0.0566633
6 0.74393 0.473423 0.0218966 0.0443499
7 0.697421 0.575426 0.0319059 0.0569648
7 0.871735 0.641884 0.0530903 0.0502953
5 0.691861 0.343539 0.0110146 0.0602356
7 0.710558 0.59579 0.0347221 0.0571915
