3 0.0711558 0.549391 0.140296 0.235506
3 0.216457 0.444049 0.0191025 0.0308145
6 0.0261475 0.677602 0.0520832 0.0946942
5 0.0173439 0.313178 0.03279 0.153877
3 0.100517 0.661428 0.110099 0.150674
7 0.0365839 0.924703 0.0731679 0.116749
3 0.150971 0.39245 0.0263669 0.0381185
3 0.152696 0.435604 0.0284685 0.0422548
5 0.11198 0.325686 0.0321078 0.115931
5 0.077926 0.331546 0.0178602 0.0898115
7 0.108897 0.821537 0.071248 0.0916931
0 0.498669 0.766456 0.163404 0.346111
7 0.118025 0.75128 0.0607118 0.10646
3 0.111984 0.430709 0.0159144 0.0362467
6 0.116897 0.75183 0.0611521 0.105604
4 0.218717 0.470431 0.0103634 0.0219315
3 0.132304 0.448799 0.0114441 0.0256004
