3 0.63589 0.515637 0.0231426 0.0465017
3 0.557413 0.421687 0.0429068 0.0848157
3 0.437093 0.425444 0.0452099 0.088238
3 0.430706 0.492432 0.0392557 0.0675037
3 0.509635 0.508674 0.046376 0.0726589
4 0.796072 0.604238 0.0294956 0.0312915
3 0.480156 0.413407 0.0299829 0.067862
3 0.535223 0.479673 0.0308856 0.0607051
3 0.401614 0.411152 0.0158648 0.031093
3 0.401443 0.381274 0.0171391 0.0329324
5 0.530426 0.343328 0.00917587 0.0548514
4 0.498644 0.798856 0.0225761 0.0761292
5 0.417737 0.342331 0.010179 0.0482794
5 0.492481 0.342627 0.0104849 0.0585836
5 0.437589 0.339702 0.00844612 0.0553563
5 0.442088 0.339821 0.00909958 0.050371
5 0.462885 0.34532 0.00759163 0.0511937
5 0.566148 0.346931 0.0107851 0.0548538
7 0.554396 0.537286 0.0240879 0.0335733
5 0.490126 0.342333 0.00889673 0.0623787
7 0.430975 0.543878 0.0317133 0.0468814
