3 0.927624 0.600492 0.096949 0.132164
3 0.631526 0.88264 0.0855713 0.163727
3 0.826054 0.446977 0.0699181 0.106808
3 0.7723 0.494967 0.0229574 0.037469
3 0.370043 0.626346 0.0503496 0.0861776
3 0.3412 0.240931 0.0345128 0.0607728
4 0.296734 0.70277 0.038905 0.0380564
6 0.836159 0.51994 0.0423256 0.0771373
5 0.945687 0.342989 0.0122219 0.0523752
3 0.963908 0.441281 0.0597586 0.105642
0 0.499954 0.842499 0.159339 0.188806
5 0.987833 0.334978 0.0179985 0.0832163
3 0.845093 0.524524 0.0615761 0.0875721
6 0.845512 0.524497 0.0588936 0.0846217
5 0.812728 0.342255 0.0102734 0.0603368
7 0.821901 0.603371 0.0541008 0.0752997
7 0.824652 0.614335 0.0560469 0.0887053
5 0.901462 0.344604 0.0142433 0.089569
7 0.833743 0.628202 0.040465 0.0655823
5 0.829655 0.341824 0.0120825 0.0605861
7 0.814866 0.600993 0.0405024 0.0695891
5 0.866883 0.343763 0.0100536 0.0530607
0 0.498744 0.745579 0.158325 0.399529
