1 0.50048 0.724768 0.143402 0.409552
3 0.369692 0.662778 0.056168 0.109861
3 0.813176 0.451293 0.0689224 0.116302
3 0.876047 0.614967 0.0957211 0.148917
4 0.348376 0.803645 0.0350822 0.0620617
4 0.373696 0.749727 0.0187004 0.0755598
3 0.306245 0.622189 0.0443766 0.0867281
4 0.506164 0.755738 0.0313829 0.074181
3 0.877941 0.526398 0.0553913 0.0698945
3 0.987105 0.456363 0.0256147 0.122282
5 0.80669 0.340057 0.0128334 0.0677507
5 0.922058 0.334011 0.0184719 0.101634
5 0.850082 0.334055 0.0140219 0.0794801
6 0.918365 0.563297 0.0315159 0.0706153
5 0.994646 0.33565 0.00955505 0.0649158
6 0.812644 0.51127 0.0384962 0.0600312
6 0.972574 0.515438 0.0214201 0.0454821
