3 0.650506 0.233513 0.0870072 0.147498
3 0.495259 0.250434 0.106886 0.18636
3 0.646236 0.411782 0.0934834 0.170086
3 0.373756 0.397598 0.0887187 0.154144
3 0.408039 0.231072 0.0781115 0.145138
3 0.536655 0.365114 0.0626223 0.143937
3 0.735617 0.27015 0.0356823 0.0534218
7 0.440518 0.42584 0.0323584 0.0813868
3 0.559286 0.18868 0.023064 0.0571979
5 0.655568 0.0640831 0.0176624 0.109097
6 0.392515 0.316539 0.0505363 0.0882113
7 0.389866 0.482393 0.0495952 0.0714528
5 0.697349 0.0680558 0.0161695 0.103493
0 0.446823 0.891999 0.389336 0.216002
7 0.620702 0.492892 0.0500608 0.076309
5 0.420862 0.0804939 0.0135658 0.0889472
5 0.509891 0.0834909 0.011725 0.0820558
5 0.576694 0.0864209 0.0137761 0.0918777
5 0.446772 0.060729 0.0171564 0.118778
6 0.620249 0.332926 0.0477483 0.074745
6 0.450604 0.32308 0.0247221 0.0791546
6 0.448239 0.316298 0.0180929 0.0665333
6 0.444783 0.315641 0.0168965 0.0674998
7 0.384215 0.477937 0.0398897 0.0664344
6 0.624493 0.323006 0.0501074 0.0732808
6 0.629079 0.317484 0.0415306 0.0616617
5 0.535766 0.0563866 0.0151285 0.111314
6 0.672642 0.3055 0.0378925 0.0565642
