3 0.858743 0.490243 0.046199 0.0747859
3 0.729116 0.48668 0.0426535 0.0674782
3 0.812035 0.439673 0.053112 0.0525307
3 0.703364 0.51053 0.0230049 0.0452277
3 0.710825 0.426439 0.0352964 0.0264648
3 0.189063 0.082212 0.0502263 0.066141
3 0.75936 0.46422 0.0281069 0.0565929
4 0.473918 0.53167 0.0194288 0.0145649
6 0.791274 0.459359 0.016888 0.0318999
4 0.551814 0.529658 0.0216307 0.0181347
3 0.724565 0.503634 0.0356342 0.0468847
7 0.847769 0.53306 0.0300434 0.0264069
7 0.739772 0.523919 0.0213795 0.0327625
5 0.526834 0.147521 0.0395904 0.209151
