3 0.420464 0.631902 0.191261 0.324994
3 0.680792 0.825104 0.168151 0.273798
3 0.234406 0.783963 0.146176 0.270618
3 0.325293 0.449668 0.124498 0.211627
6 0.647095 0.713909 0.0952578 0.119327
3 0.791123 0.315559 0.0211419 0.0400664
5 0.716025 0.243236 0.0312885 0.185644
3 0.667048 0.493866 0.114768 0.173611
3 0.526875 0.271233 0.0267042 0.0451657
5 0.308833 0.242001 0.0257315 0.189726
5 0.768763 0.248373 0.0222258 0.169508
5 0.668159 0.230934 0.0168108 0.114204
6 0.692817 0.578191 0.0624567 0.115065
6 0.244593 0.683896 0.105781 0.110118
6 0.497405 0.757196 0.0370838 0.095884
5 0.25652 0.24463 0.0193275 0.13247
5 0.489201 0.223559 0.0291771 0.140907
3 0.617607 0.270451 0.0295388 0.0492305
5 0.338154 0.228517 0.0125113 0.100936
5 0.551031 0.229335 0.0166817 0.106514
6 0.345803 0.750747 0.045647 0.0940645
3 0.522336 0.601165 0.0393529 0.170915
5 0.337746 0.229931 0.01672 0.112813
3 0.384519 0.310627 0.0196467 0.0338865
6 0.23499 0.611606 0.0931345 0.107817
3 0.5703 0.324408 0.0316014 0.0508394
6 0.556864 0.821982 0.0592354 0.084358
