3 0.972297 0.5419 0.0554056 0.101957
3 0.793475 0.519794 0.0548937 0.095211
3 0.346223 0.461141 0.0159333 0.0295792
3 0.90028 0.447113 0.069762 0.107979
3 0.394341 0.711905 0.0526936 0.109191
3 0.788787 0.419613 0.0493554 0.0833948
3 0.456041 0.385663 0.0187035 0.0340942
3 0.426962 0.420485 0.0188164 0.035406
3 0.471249 0.415751 0.0167363 0.0343608
7 0.965214 0.594182 0.0364061 0.0356218
3 0.844736 0.495788 0.0399174 0.0777081
4 0.495673 0.802464 0.0265323 0.0919858
3 0.413182 0.384863 0.0158636 0.0313164
3 0.954626 0.427465 0.0470562 0.0810965
7 0.806792 0.571665 0.0287695 0.042737
5 0.940299 0.33877 0.0119938 0.0604572
5 0.880042 0.345944 0.0164486 0.0751279
6 0.778744 0.459799 0.0243818 0.0288256
1 0.502907 0.735472 0.139491 0.41597
5 0.980635 0.341272 0.0110168 0.0541133
7 0.861371 0.591075 0.0191315 0.0407587
5 0.777992 0.343834 0.0127232 0.0506259
5 0.787798 0.344754 0.00966784 0.0515059
5 0.836112 0.349728 0.00965195 0.0512425
6 0.810594 0.48089 0.0236532 0.0467931
6 0.955373 0.506694 0.0265171 0.0441319
6 0.974209 0.494503 0.0460604 0.0506707
7 0.911809 0.60027 0.0225193 0.0375407
7 0.909919 0.596598 0.0200245 0.037865
6 0.868384 0.506159 0.0148916 0.0649323
5 0.835542 0.354974 0.011359 0.0661783
