3 0.155292 0.662762 0.113063 0.171567
3 0.679513 0.77411 0.0618809 0.122987
3 0.133255 0.573906 0.0795598 0.125442
3 0.209716 0.465755 0.0776545 0.136216
3 0.702851 0.734533 0.0564669 0.108789
4 0.629659 0.642076 0.0147508 0.0349822
4 0.501775 0.793456 0.0204672 0.0668088
7 0.226016 0.66156 0.0349912 0.0606086
5 0.106199 0.33264 0.0265597 0.132218
3 0.690135 0.758837 0.079838 0.154295
5 0.187347 0.328758 0.0168768 0.0947745
5 0.22537 0.3363 0.014614 0.0866519
5 0.155565 0.338705 0.0114434 0.0683597
6 0.218073 0.535561 0.0396503 0.0651118
7 0.218014 0.624044 0.0200095 0.028074
5 0.213772 0.334706 0.0124362 0.0747831
3 0.00846216 0.46493 0.0169243 0.122418
5 0.0986485 0.329769 0.0162299 0.104672
5 0.221652 0.335958 0.0141725 0.0824295
6 0.109441 0.601226 0.041015 0.0801943
