3 0.830798 0.312577 0.123133 0.208078
3 0.9759 0.528229 0.0480976 0.232307
3 0.839045 0.478824 0.102133 0.153313
7 0.815907 0.585716 0.0622313 0.091686
7 0.86072 0.607725 0.0668301 0.099723
3 0.967806 0.292731 0.0643887 0.167309
6 0.860562 0.406143 0.066481 0.093494
7 0.960917 0.624831 0.0204834 0.086073
5 0.82712 0.0960324 0.0193422 0.12523
5 0.84448 0.127668 0.0183273 0.0936137
0 0.431839 0.766029 0.216112 0.180864
5 0.787407 0.116638 0.0271257 0.130152
5 0.785198 0.110082 0.0205555 0.122147
5 0.796071 0.122824 0.016863 0.101959
5 0.947699 0.131648 0.0171391 0.0996696
5 0.791391 0.121048 0.0283167 0.117639
5 0.829871 0.105207 0.021772 0.15209
7 0.968356 0.630925 0.036912 0.0834486
7 0.875409 0.55855 0.0282928 0.0483901
