3 0.272395 0.346786 0.110066 0.183277
4 0.398866 0.427019 0.0449905 0.125512
4 0.285814 0.16854 0.0547039 0.164352
4 0.378395 0.706574 0.0869902 0.0597327
7 0.517698 0.581871 0.0541409 0.0812386
3 0.249205 0.509711 0.0898757 0.151942
4 0.299009 0.598103 0.0684131 0.110367
4 0.549211 0.415531 0.0659257 0.0659971
3 0.886755 0.237855 0.0564095 0.0802435
4 0.476354 0.601359 0.0531599 0.110886
3 0.764873 0.25793 0.0484526 0.0774999
4 0.198034 0.673638 0.0635916 0.0838809
6 0.3017 0.416415 0.0463649 0.0842773
4 0.545198 0.646086 0.0422009 0.127382
3 0.838911 0.485164 0.0267847 0.0449716
4 0.455175 0.273406 0.0340821 0.0986283
3 0.99297 0.227172 0.0130737 0.0812487
3 0.750441 0.482338 0.0302919 0.0506426
3 0.230768 0.51045 0.0508368 0.155342
3 0.738675 0.437372 0.026743 0.0483676
4 0.323133 0.214163 0.0263799 0.0970353
6 0.44325 0.440509 0.0272699 0.0589177
4 0.496684 0.439 0.0395222 0.0701105
5 0.503778 0.250353 0.00992537 0.0685425
5 0.40413 0.154809 0.0161184 0.134036
4 0.521737 0.623757 0.0303183 0.0505166
5 0.486343 0.168682 0.0137384 0.118691
7 0.44362 0.555184 0.0245607 0.0652025
5 0.547921 0.203818 0.0140588 0.104855
7 0.393278 0.607051 0.0250654 0.0915232
5 0.371728 0.261843 0.0107842 0.0790177
5 0.503296 0.262617 0.0139053 0.0943927
5 0.788871 0.381792 0.0114601 0.0504413
5 0.372087 0.271246 0.0132534 0.0967361
7 0.237685 0.575734 0.0375132 0.0607929
5 0.53951 0.22412 0.0318974 0.14949
6 0.467776 0.431169 0.0247095 0.06859
5 0.500477 0.271883 0.020694 0.11784
