3 0.123008 0.713291 0.246016 0.460273
3 0.281025 0.498876 0.0971911 0.172283
3 0.481507 0.890566 0.180089 0.215192
3 0.54901 0.525226 0.115742 0.215402
5 0.43445 0.262366 0.0338291 0.258347
6 0.414497 0.847231 0.0699251 0.0936023
6 0.526846 0.75666 0.0719665 0.087956
5 0.10599 0.253764 0.0594684 0.284899
6 0.551254 0.673628 0.0743494 0.121886
3 0.44302 0.64595 0.0759004 0.16664
5 0.561107 0.284515 0.0272493 0.194496
5 0.233943 0.323521 0.016786 0.100395
5 0.0178 0.302101 0.0356 0.183786
5 0.312058 0.327895 0.0145746 0.0935998
5 0.477021 0.328525 0.0142213 0.0940011
4 0.826405 0.577212 0.0198143 0.0211007
3 0.269718 0.649558 0.046656 0.0884875
5 0.588799 0.312711 0.0178337 0.137831
