3 0.0753566 0.555405 0.150713 0.256053
4 0.801886 0.80249 0.0553251 0.0789731
3 0.192323 0.464835 0.0817932 0.134196
3 0.241489 0.641829 0.0888148 0.161884
3 0.666602 0.601544 0.0444874 0.0807445
4 0.502205 0.791622 0.0207945 0.0657871
4 0.620155 0.606621 0.0127495 0.0303217
5 0.251547 0.333319 0.0165896 0.09564
5 0.219602 0.335218 0.0122973 0.0764121
5 0.126692 0.327107 0.0296228 0.156091
4 0.654521 0.647314 0.0125244 0.0272801
5 0.23794 0.328681 0.0161798 0.102846
5 0.24148 0.331762 0.0209261 0.0977875
5 0.0728326 0.333166 0.0158383 0.0769196
5 0.17345 0.334566 0.0129684 0.0716911
