0 0.500204 0.833794 0.145257 0.184673
3 0.808392 0.467382 0.018969 0.0307619
3 0.471178 0.485442 0.0180048 0.0354156
3 0.250757 0.549901 0.0581467 0.108328
3 0.897706 0.549655 0.036134 0.0540744
3 0.414978 0.530813 0.0505606 0.0973889
3 0.333523 0.449523 0.0611733 0.113106
3 0.264499 0.433414 0.0507928 0.0881847
3 0.680198 0.389323 0.0225969 0.0385258
3 0.726096 0.388472 0.0198385 0.0377985
4 0.92601 0.653519 0.0401686 0.0354027
3 0.404185 0.424397 0.0423807 0.0839295
4 0.0482081 0.621981 0.0349933 0.0373899
3 0.701017 0.419724 0.0197627 0.037219
5 0.237961 0.337043 0.0110034 0.0661547
7 0.402729 0.590185 0.0313632 0.046961
5 0.267689 0.342163 0.00908292 0.0516793
5 0.302593 0.340175 0.0116811 0.0713562
5 0.413615 0.338879 0.0102887 0.0617676
5 0.223572 0.339493 0.0115233 0.0598574
6 0.400544 0.496984 0.0259253 0.0445832
5 0.355654 0.339905 0.00968103 0.0671812
5 0.319365 0.35404 0.00772371 0.0685551
6 0.265541 0.513996 0.0375293 0.0564628
7 0.274337 0.609922 0.0280444 0.0410477
7 0.268928 0.61021 0.0363729 0.042146
6 0.254984 0.486889 0.0215872 0.0382884
5 0.428489 0.343485 0.00934772 0.0532666
3 0.727052 0.388198 0.0253101 0.0431343
5 0.26488 0.344046 0.00813718 0.0574774
