3 0.593247 0.407824 0.0308713 0.0619338
3 0.637516 0.464451 0.0323244 0.0586043
3 0.699108 0.470005 0.0169552 0.033081
3 0.950674 0.392169 0.0279942 0.0429393
3 0.548638 0.461624 0.0291075 0.0582765
3 0.635838 0.40093 0.0299641 0.0522369
3 0.921663 0.425404 0.0212845 0.0382251
3 0.989185 0.428618 0.0193918 0.0418641
3 0.554288 0.400221 0.027983 0.0459701
5 0.606202 0.349313 0.00698051 0.0368463
5 0.556674 0.349044 0.00685291 0.0324721
5 0.582287 0.349631 0.00794945 0.0357817
3 0.593046 0.421545 0.0295359 0.0580334
