3 0.630402 0.424979 0.045587 0.0784259
3 0.691032 0.495109 0.0433908 0.0784844
3 0.567492 0.487631 0.0383274 0.070236
3 0.794728 0.51179 0.0273454 0.0415949
0 0.500539 0.737717 0.154875 0.359328
3 0.57575 0.41155 0.0390533 0.0604109
3 0.672844 0.654396 0.0474543 0.0845659
3 0.719558 0.518288 0.0248236 0.0475957
3 0.6846 0.415224 0.0389252 0.0586414
3 0.42292 0.286842 0.0210001 0.0394457
4 0.375433 0.615596 0.0311193 0.0265479
3 0.624543 0.475227 0.030562 0.0503766
3 0.893202 0.51816 0.0245838 0.0405387
5 0.683197 0.348604 0.00670662 0.0375881
5 0.558106 0.349422 0.00735639 0.0386139
6 0.57962 0.453856 0.022875 0.0361371
7 0.678388 0.539328 0.0261089 0.0339725
6 0.689988 0.450438 0.0253293 0.0309607
5 0.61348 0.349216 0.00843487 0.0510586
5 0.560958 0.348818 0.00852661 0.0405975
