3 0.555959 0.442377 0.0541195 0.101235
3 0.770102 0.385975 0.015391 0.032341
3 0.597872 0.516834 0.0442649 0.0889432
3 0.470595 0.532307 0.0534455 0.0993729
3 0.699018 0.526213 0.0281528 0.0541711
3 0.762414 0.422439 0.0188802 0.0354254
3 0.703966 0.417772 0.0201881 0.0365582
3 0.494027 0.486768 0.0378226 0.0694972
3 0.447244 0.42589 0.0444396 0.0860059
3 0.729451 0.387454 0.0203953 0.0351168
4 0.5047 0.74962 0.0360794 0.0781886
3 0.779656 0.484298 0.0317461 0.0372632
5 0.446339 0.34177 0.0111456 0.0577047
5 0.579832 0.342024 0.00950623 0.0630975
6 0.592801 0.474778 0.0291979 0.0459302
7 0.572107 0.579425 0.0249001 0.042045
5 0.539023 0.3406 0.0106211 0.0669633
6 0.590459 0.480378 0.0281638 0.0467726
5 0.542442 0.343367 0.00848618 0.0603464
5 0.608863 0.341415 0.0116594 0.0595469
5 0.434652 0.342584 0.00920963 0.0520384
7 0.445895 0.560129 0.0283146 0.0523303
5 0.477787 0.341982 0.0109179 0.0642981
3 0.767063 0.382444 0.0172396 0.0343721
3 0.468652 0.549387 0.0515221 0.0705044
3 0.724173 0.386076 0.0267501 0.0349348
7 0.591811 0.568178 0.0279985 0.0370351
7 0.580418 0.571046 0.0341567 0.0445007
6 0.596044 0.47186 0.0238914 0.0429087
5 0.508426 0.345478 0.00914612 0.0457365
3 0.712507 0.381417 0.0130892 0.034305
4 0.848537 0.554868 0.0166142 0.0258701
7 0.488086 0.589282 0.0216825 0.036539
