3 0.247914 0.552611 0.0333207 0.057499
3 0.652576 0.507429 0.0448669 0.0835814
0 0.500057 0.832111 0.145819 0.183505
3 0.728863 0.436759 0.0549084 0.0954767
3 0.952349 0.618121 0.0523325 0.0801048
3 0.803783 0.525014 0.0555212 0.0933675
3 0.793127 0.42346 0.0485641 0.08199
3 0.661137 0.416255 0.0408846 0.0764353
3 0.539619 0.463627 0.0160717 0.0319091
3 0.399186 0.385234 0.0173871 0.0351535
5 0.710152 0.341667 0.00993067 0.0599978
3 0.359777 0.384108 0.0184158 0.0307257
3 0.374488 0.417661 0.017076 0.0396169
5 0.832251 0.342079 0.00960274 0.0583918
5 0.814605 0.339655 0.00996056 0.0566307
6 0.666363 0.474755 0.0256944 0.0408382
6 0.791663 0.487911 0.0325818 0.0418859
7 0.785785 0.574936 0.034923 0.0376265
4 0.254233 0.780395 0.0200511 0.0760382
5 0.666043 0.345227 0.00870393 0.044161
6 0.803515 0.47159 0.0248344 0.0356655
7 0.663157 0.557425 0.0268187 0.03896
5 0.741484 0.35122 0.00742588 0.0553556
5 0.756222 0.343025 0.00935268 0.0667648
5 0.643926 0.344089 0.00792948 0.0498439
5 0.792261 0.342719 0.00785758 0.0432155
5 0.656514 0.342861 0.00997257 0.0509951
5 0.663072 0.343346 0.00886765 0.0499159
