3 0.394186 0.904247 0.0832436 0.172152
3 0.643933 0.500355 0.0426788 0.0808541
3 0.575794 0.418958 0.0422583 0.0797466
3 0.405259 0.43384 0.0115005 0.0212478
3 0.676037 0.412895 0.038781 0.0704715
3 0.548502 0.477127 0.0330851 0.0668256
3 0.334946 0.456989 0.0156183 0.0313544
3 0.490245 0.408591 0.0156834 0.0313638
4 0.499665 0.796879 0.0194108 0.0689377
3 0.473384 0.382113 0.015057 0.0304686
3 0.448311 0.409547 0.0133699 0.0251778
3 0.446998 0.38237 0.0141366 0.0281101
5 0.587134 0.345725 0.00883026 0.0550379
5 0.636277 0.342545 0.00906086 0.0503991
5 0.592513 0.34626 0.00856113 0.0456107
5 0.545282 0.34715 0.00849895 0.047378
5 0.667011 0.345173 0.00700506 0.0426886
5 0.662667 0.343366 0.00875022 0.0530456
3 0.453748 0.409594 0.020456 0.0306451
5 0.559204 0.346605 0.00946128 0.047524
7 0.588855 0.541184 0.0173659 0.0329872
6 0.590796 0.464887 0.0185502 0.0405668
5 0.570106 0.347793 0.0079113 0.0434554
5 0.687086 0.340847 0.00891781 0.0592058
7 0.55303 0.520386 0.0267447 0.0347716
3 0.638213 0.454739 0.0321642 0.0383918
3 0.632781 0.457963 0.0238074 0.0356928
5 0.682543 0.34972 0.00696335 0.0461623
5 0.683467 0.34601 0.00789146 0.0439951
7 0.626701 0.541323 0.0140372 0.0299286
5 0.560331 0.34408 0.0101664 0.0603498
