3 0.314006 0.673248 0.0488544 0.089327
3 0.529533 0.403334 0.0334785 0.0599791
1 0.499194 0.835452 0.144719 0.188947
3 0.480571 0.468535 0.0339502 0.062243
3 0.440845 0.405348 0.030159 0.0570087
3 0.497688 0.398429 0.0235804 0.0502045
3 0.53172 0.457626 0.0301691 0.0528822
4 0.294755 0.51725 0.0217628 0.0153862
3 0.455231 0.451499 0.0290741 0.0536081
4 0.397765 0.4911 0.0185684 0.0154221
4 0.5006 0.798598 0.0201126 0.076359
3 0.144863 0.653043 0.0554367 0.0917113
3 0.45904 0.455174 0.0335156 0.0584765
4 0.295079 0.518691 0.0222148 0.0233867
