3 0.6218 0.688232 0.220203 0.424613
5 0.920826 0.30096 0.0383966 0.181712
5 0.618896 0.287791 0.02607 0.198251
3 0.0597725 0.414522 0.045298 0.0703913
5 0.777777 0.301098 0.0291526 0.177514
5 0.536511 0.26235 0.0344454 0.258184
6 0.569519 0.911946 0.0855453 0.170373
3 0.835885 0.869479 0.194634 0.259026
3 0.469695 0.597578 0.0368877 0.0750121
3 0.129848 0.462441 0.0206282 0.0561502
3 0.00728771 0.48598 0.0145754 0.0494971
3 0.0492831 0.463611 0.026432 0.0573916
1 0.527894 0.833641 0.203654 0.189073
4 0.383679 0.531717 0.0172114 0.0183485
6 0.767485 0.724419 0.0323979 0.120321
6 0.00882461 0.402008 0.0176492 0.0447388
