3 0.406824 0.361949 0.149931 0.258498
3 0.63649 0.60388 0.140925 0.240427
4 0.269108 0.50774 0.12321 0.128694
4 0.873669 0.852311 0.0784922 0.207472
7 0.462665 0.720037 0.0430084 0.0888023
6 0.461955 0.480902 0.0447378 0.0956597
3 0.865128 0.243608 0.0420052 0.0764083
6 0.594316 0.479501 0.0590086 0.0997662
3 0.983897 0.34582 0.0312305 0.055537
3 0.871602 0.312317 0.0250858 0.0516565
7 0.58927 0.716196 0.0569349 0.0874616
5 0.332279 0.0968156 0.021764 0.138833
5 0.445087 0.0925256 0.0204817 0.148931
3 0.695189 0.32096 0.111474 0.176381
3 0.32574 0.553833 0.0638132 0.195606
3 0.5704 0.500722 0.106878 0.171265
5 0.62467 0.108376 0.0258577 0.15889
7 0.360693 0.705707 0.0513589 0.0840525
7 0.429266 0.5728 0.0385881 0.0998976
5 0.712593 0.112109 0.0201805 0.137479
5 0.258442 0.106018 0.0234254 0.119818
5 0.744761 0.116027 0.0145247 0.109789
5 0.536943 0.132877 0.0155141 0.0976407
6 0.605984 0.396808 0.0244635 0.0814355
6 0.52717 0.390722 0.0237759 0.0798928
4 0.689934 0.406625 0.0413687 0.129541
5 0.413075 0.128599 0.0157139 0.0959846
3 0.744593 0.241935 0.0387982 0.0565174
7 0.365112 0.606605 0.0209707 0.0714856
6 0.355035 0.463564 0.0488369 0.0915057
4 0.98377 0.400243 0.0106787 0.0374229
