3 0.0337745 0.638261 0.067549 0.157392
3 0.481037 0.518245 0.0385188 0.0722363
0 0.500242 0.844266 0.161773 0.185039
3 0.556056 0.603429 0.0369043 0.06999
3 0.0756304 0.458318 0.0840039 0.123993
6 0.0781161 0.523819 0.0465037 0.0636046
5 0.0380829 0.338148 0.0176249 0.0902349
5 0.0883198 0.341311 0.0125602 0.0745149
3 0.0179684 0.535433 0.0346335 0.0552346
5 0.0178844 0.340828 0.0122045 0.0644597
7 0.0841928 0.61857 0.0326029 0.0442803
5 0.0777301 0.341207 0.0122454 0.0681261
5 0.0151581 0.341679 0.0118295 0.0646571
7 0.051971 0.688622 0.0449036 0.0618468
