3 0.0766178 0.53974 0.0351498 0.0512819
3 0.881659 0.441824 0.0671019 0.106808
3 0.962299 0.582714 0.0748688 0.130902
3 0.909098 0.525149 0.0616528 0.09329
3 0.288396 0.404699 0.031792 0.0484131
3 0.239443 0.456091 0.0329068 0.0614969
3 0.20936 0.406189 0.0308748 0.0439425
3 0.4408 0.686589 0.0449053 0.102079
3 0.308047 0.442521 0.0269629 0.0463682
3 0.324009 0.49859 0.017872 0.0388213
4 0.498789 0.799774 0.0210899 0.0981246
5 0.881653 0.342871 0.0110308 0.064309
5 0.948262 0.339134 0.0129581 0.0770162
5 0.87077 0.343841 0.0104773 0.0633232
5 0.896701 0.344192 0.010479 0.0577949
5 0.933922 0.346331 0.0127232 0.0609676
7 0.875389 0.590911 0.0441154 0.0656226
