3 0.438808 0.41557 0.0396603 0.0740075
3 0.324515 0.416182 0.0421726 0.074563
3 0.344131 0.477462 0.0327799 0.0625838
3 0.376832 0.501541 0.043554 0.0768233
3 0.39844 0.408148 0.0298694 0.0615406
3 0.443692 0.475294 0.0355442 0.0546306
3 0.451368 0.637821 0.0369963 0.083496
4 0.498293 0.801956 0.0203197 0.0781246
1 0.500416 0.836813 0.144918 0.19506
5 0.453863 0.349038 0.00864868 0.0461868
5 0.38679 0.344104 0.0080719 0.0498088
5 0.353214 0.343802 0.00980686 0.0421295
5 0.312487 0.34254 0.0105872 0.0460046
5 0.411129 0.34951 0.00720711 0.0489933
5 0.436894 0.346059 0.00831242 0.0476754
4 0.958012 0.598661 0.0216705 0.0384274
3 0.317032 0.981313 0.0776422 0.0373737
