3 0.814485 0.649832 0.217765 0.353138
3 0.226706 0.668528 0.229658 0.397134
5 0.934222 0.269767 0.048526 0.235505
3 0.51885 0.828687 0.115861 0.275944
5 0.755915 0.294595 0.0279454 0.180898
5 0.271923 0.294603 0.0278018 0.183083
5 0.0988527 0.270154 0.0474959 0.25496
5 0.456966 0.306229 0.0201759 0.14404
4 0.39577 0.654451 0.0324287 0.0314543
6 0.877669 0.868957 0.0542397 0.172938
5 0.567327 0.309801 0.0193396 0.14993
6 0.163797 0.9031 0.0768641 0.183287
6 0.703336 0.799215 0.0420368 0.122496
6 0.334501 0.821475 0.0435205 0.123262
