3 0.0614948 0.257755 0.109894 0.199392
3 0.387811 0.277573 0.11609 0.200411
3 0.410766 0.0734535 0.102467 0.141317
3 0.190866 0.0973462 0.138619 0.186873
6 0.427771 0.146305 0.0568417 0.0828726
6 0.354469 0.187953 0.0605266 0.0885239
6 0.24533 0.19639 0.0339167 0.104141
3 0.0986097 0.0616543 0.0656277 0.12059
3 0.285481 0.198115 0.0552798 0.163081
7 0.355123 0.39079 0.0572406 0.0768785
6 0.0693726 0.166502 0.0853842 0.111695
7 0.15484 0.399462 0.0361747 0.0759132
6 0.14637 0.183408 0.0385727 0.0958399
7 0.249845 0.402496 0.0279455 0.0752378
7 0.162975 0.289974 0.0443118 0.0947756
7 0.0822601 0.371383 0.0801966 0.0926865
