3 0.803228 0.430587 0.0562391 0.0905521
3 0.61255 0.505292 0.0299072 0.0509872
3 0.897393 0.545063 0.0686913 0.105236
3 0.876393 0.42511 0.0469254 0.0818949
3 0.797459 0.502633 0.0477858 0.0686513
3 0.699894 0.489818 0.0271383 0.0432127
3 0.966819 0.517448 0.0663616 0.0880956
3 0.982174 0.434889 0.0354673 0.117102
6 0.98093 0.507499 0.0377281 0.0596073
5 0.787215 0.342744 0.00954673 0.0458101
5 0.810409 0.344804 0.00889282 0.049457
6 0.815177 0.482374 0.0273966 0.0445906
4 0.502441 0.574699 0.0131512 0.0425981
5 0.884998 0.343165 0.010882 0.0552416
