3 0.32995 0.600613 0.0501464 0.0859003
3 0.889562 0.619733 0.101978 0.140859
3 0.749531 0.461945 0.0760576 0.122065
3 0.48343 0.544633 0.0357896 0.0643724
3 0.578284 0.509535 0.0297909 0.0496574
3 0.972949 0.463288 0.0541023 0.13717
0 0.498714 0.757416 0.166119 0.37403
4 0.333662 0.672011 0.0167211 0.0614824
3 0.80406 0.436509 0.0489773 0.0975069
3 0.719653 0.53991 0.0566844 0.101063
4 0.577404 0.553825 0.0122588 0.039998
5 0.764579 0.339113 0.0117375 0.071229
7 0.720668 0.606878 0.0459695 0.0855699
5 0.957595 0.33155 0.0206764 0.0853778
6 0.771819 0.530052 0.0349142 0.065076
5 0.708817 0.34454 0.00939198 0.0588665
6 0.848658 0.551498 0.0326204 0.0573037
4 0.484221 0.604922 0.0124268 0.0453025
5 0.87374 0.335715 0.0179497 0.0890505
7 0.843765 0.675144 0.0307384 0.0456073
7 0.765115 0.645069 0.0368578 0.0625302
3 0.906121 0.537384 0.0661999 0.0797738
6 0.729625 0.509754 0.0386693 0.0580036
5 0.723462 0.342114 0.013365 0.0668435
5 0.778025 0.345958 0.00905291 0.0568536
4 0.563386 0.597063 0.0126957 0.0283251
7 0.723766 0.615853 0.0395359 0.072454
5 0.908389 0.342594 0.0124063 0.0601723
