3 0.398273 0.423568 0.0464547 0.0843369
3 0.324688 0.511838 0.0476495 0.0860225
4 0.500767 0.790147 0.0255016 0.0836696
3 0.51698 0.411581 0.0173391 0.0308302
3 0.285037 0.419462 0.0441812 0.0788118
3 0.424676 0.485691 0.0378225 0.072234
3 0.494905 0.382684 0.0170201 0.0293161
4 0.75302 0.695331 0.026222 0.0547164
3 0.476425 0.40973 0.0155014 0.0284433
5 0.431688 0.34572 0.00854301 0.04397
5 0.33158 0.345131 0.0100136 0.0562143
5 0.41646 0.345682 0.0106621 0.0508038
5 0.388394 0.344596 0.008927 0.0563809
1 0.500335 0.726162 0.144316 0.416745
5 0.414927 0.344789 0.00936928 0.0571266
7 0.292864 0.542659 0.0277472 0.0415891
6 0.291243 0.468652 0.0286253 0.0387877
6 0.340214 0.460998 0.0158332 0.053587
3 0.492392 0.382795 0.0192154 0.0360336
6 0.382673 0.478089 0.0218311 0.0477389
5 0.391446 0.344256 0.00962553 0.0473973
7 0.38983 0.546734 0.0241181 0.0382943
7 0.419928 0.529689 0.0304826 0.0368671
7 0.386646 0.549723 0.0201556 0.036091
5 0.306552 0.346308 0.00829124 0.0421475
3 0.51991 0.382895 0.0147284 0.0297194
4 0.754856 0.702527 0.0306523 0.0741913
