3 0.272248 0.3467 0.110178 0.183232
4 0.398872 0.42703 0.0449656 0.125567
4 0.285753 0.168623 0.0549609 0.164348
4 0.378438 0.70657 0.0869379 0.0597051
7 0.517671 0.581949 0.0541014 0.0815731
4 0.29889 0.59801 0.0686637 0.110659
3 0.24822 0.5096 0.0879375 0.151998
4 0.549149 0.415428 0.0658064 0.0662108
3 0.886855 0.237762 0.0562088 0.0801345
4 0.476429 0.601116 0.0530199 0.110308
4 0.198035 0.673651 0.0635707 0.0838357
3 0.76487 0.257957 0.0484173 0.0775033
6 0.301805 0.4165 0.0465757 0.0843742
4 0.545168 0.646005 0.0421904 0.127706
3 0.838908 0.48517 0.0267906 0.0450041
4 0.455239 0.273372 0.034186 0.0986139
3 0.992963 0.227202 0.0130894 0.0813623
3 0.750436 0.482337 0.0303081 0.0507255
3 0.230814 0.508072 0.0512368 0.151659
3 0.738682 0.437392 0.0267521 0.0484479
4 0.323083 0.214079 0.0263009 0.0967846
6 0.443248 0.440515 0.0272629 0.0588557
4 0.496679 0.439044 0.0395334 0.0701709
5 0.503729 0.250492 0.0101192 0.0684178
5 0.405051 0.154602 0.0155228 0.13487
5 0.486274 0.168585 0.0137921 0.118428
7 0.443187 0.556095 0.0242688 0.0633937
4 0.52175 0.623226 0.0311457 0.0509381
5 0.547921 0.203818 0.0140832 0.104857
7 0.394096 0.608719 0.0229491 0.0901795
5 0.37173 0.261853 0.010805 0.0790644
5 0.503306 0.2625 0.0139463 0.093871
7 0.237752 0.576074 0.0372345 0.061537
5 0.788808 0.381933 0.0114254 0.0505583
5 0.372094 0.271189 0.0132669 0.0966068
5 0.538962 0.225225 0.0330245 0.151726
6 0.467837 0.431126 0.0247436 0.0685575
