3 0.0558706 0.650822 0.11094 0.167743
3 0.694384 0.904732 0.0953977 0.181005
3 0.0399439 0.468379 0.079469 0.145888
3 0.240386 0.568637 0.0345007 0.0579848
3 0.545408 0.436086 0.0164732 0.0275745
3 0.472255 0.423172 0.0210349 0.0369476
3 0.477053 0.388435 0.0220098 0.0324174
3 0.438586 0.390279 0.0226685 0.037861
3 0.417598 0.42527 0.020729 0.0412142
3 0.547814 0.467871 0.0155043 0.0309141
3 0.619774 0.496549 0.0244219 0.0385331
3 0.45683 0.419313 0.0151265 0.0383139
4 0.501365 0.796002 0.0222004 0.0738897
5 0.784363 0.554926 0.0318622 0.238521
5 0.0690575 0.33472 0.0232759 0.0972337
3 0.538601 0.708618 0.0317454 0.0922775
5 0.0249088 0.329168 0.0263014 0.114608
6 0.0254298 0.591635 0.0488888 0.0780044
3 0.532353 0.709432 0.0424183 0.093637
5 0.0632276 0.333996 0.0227004 0.0941081
5 0.0708148 0.334108 0.0168025 0.0936467
5 0.0601802 0.334407 0.0160175 0.0907447
