3 0.407074 0.363134 0.149897 0.256898
4 0.25802 0.502747 0.125631 0.137863
7 0.463089 0.720129 0.0423815 0.0887163
6 0.462397 0.481581 0.0454838 0.0971856
6 0.672024 0.462719 0.0689936 0.101946
3 0.322082 0.55083 0.0698755 0.203793
3 0.696149 0.336313 0.118773 0.200724
3 0.865735 0.242051 0.0422371 0.0725458
7 0.670794 0.60159 0.0565329 0.0830844
7 0.589498 0.71509 0.0567123 0.0884345
3 0.563886 0.503472 0.0948366 0.17718
3 0.983762 0.345864 0.0312454 0.0548491
6 0.602493 0.485349 0.0931916 0.144689
5 0.332238 0.0967676 0.021831 0.142116
5 0.445012 0.0915832 0.0205757 0.149446
7 0.429364 0.573053 0.0385151 0.0998093
3 0.871917 0.31167 0.0240276 0.0491288
5 0.258329 0.105589 0.0230209 0.122591
7 0.360595 0.702221 0.0519444 0.0834373
7 0.667368 0.688933 0.0607408 0.0766922
5 0.744745 0.117015 0.0141365 0.110176
5 0.712947 0.110485 0.0200873 0.135627
6 0.604076 0.401967 0.0253639 0.0868868
5 0.625364 0.107552 0.0259316 0.157739
5 0.537106 0.132719 0.0155273 0.097402
6 0.527199 0.390299 0.0253775 0.0816718
5 0.413726 0.129545 0.0144928 0.0959056
7 0.365169 0.607851 0.0211335 0.0682059
7 0.32022 0.67695 0.0336047 0.0513672
3 0.745127 0.242714 0.0385444 0.0552736
6 0.355882 0.467226 0.0478432 0.0849142
5 0.619488 0.122828 0.0182289 0.13282
4 0.982853 0.397478 0.0113121 0.0436094
6 0.314268 0.445077 0.0472255 0.0963344
