3 0.422705 0.510356 0.0453848 0.0845684
3 0.592102 0.496339 0.0245989 0.0474346
3 0.342854 0.428989 0.0517517 0.0925431
3 0.486647 0.487591 0.0231274 0.0485828
3 0.452587 0.417927 0.0389132 0.0726853
3 0.313273 0.499678 0.0402189 0.0774602
4 0.59081 0.538784 0.0121169 0.0391135
3 0.415968 0.459242 0.0282362 0.0351565
0 0.50015 0.836418 0.14716 0.185588
3 0.391518 0.479487 0.0204945 0.0458723
4 0.496274 0.787743 0.0203622 0.0782713
5 0.319686 0.340258 0.00748835 0.0471772
6 0.315761 0.468508 0.0320477 0.0397719
6 0.363203 0.480826 0.0200632 0.0423385
5 0.362854 0.344597 0.00806389 0.0473753
5 0.336144 0.345102 0.00800867 0.0488069
5 0.4092 0.344944 0.00972443 0.0596185
5 0.438404 0.345827 0.00839977 0.0498704
5 0.46086 0.347114 0.00961189 0.0469121
5 0.458214 0.345766 0.0081274 0.041003
7 0.405498 0.560657 0.0181428 0.0341809
7 0.36185 0.562019 0.0213096 0.0352372
7 0.31805 0.547874 0.0332443 0.0399331
