3 0.271752 0.343316 0.108829 0.182775
3 0.248535 0.507517 0.0899037 0.143029
4 0.398908 0.427059 0.0448239 0.125013
7 0.517374 0.58173 0.0534313 0.0804359
4 0.282615 0.169242 0.0566297 0.161408
4 0.378931 0.706367 0.0860529 0.0597158
3 0.885925 0.238095 0.0560089 0.0793378
4 0.197801 0.674134 0.0625471 0.0793757
4 0.29608 0.599806 0.0767435 0.120719
4 0.544412 0.644657 0.0398487 0.125609
3 0.764888 0.258311 0.0483545 0.0768369
4 0.548565 0.416544 0.0692944 0.0759711
4 0.476673 0.600185 0.0518551 0.107055
4 0.454778 0.273133 0.0338592 0.0983126
6 0.302265 0.418673 0.0477468 0.081496
3 0.838759 0.484618 0.0263844 0.0454229
3 0.992922 0.226151 0.0131756 0.0806763
3 0.751117 0.482046 0.0281713 0.0492211
7 0.255788 0.599835 0.0427958 0.0623108
5 0.221268 0.157143 0.0157522 0.0872123
6 0.442971 0.439709 0.0265014 0.0590997
4 0.323128 0.213377 0.0260932 0.0945003
4 0.52138 0.623692 0.0281164 0.0525399
5 0.486218 0.167039 0.0137153 0.11654
7 0.393466 0.602996 0.0250543 0.0846285
5 0.404431 0.156762 0.0159207 0.139125
5 0.504619 0.249805 0.00863724 0.0684111
5 0.210675 0.210571 0.0266384 0.116404
7 0.442747 0.557042 0.0220454 0.0625154
5 0.208489 0.200549 0.0171397 0.0917486
5 0.37201 0.262092 0.0108733 0.0808562
5 0.547919 0.202302 0.0140799 0.102456
6 0.237338 0.428425 0.0563121 0.0782824
4 0.496905 0.437409 0.0368721 0.0762731
5 0.5036 0.262934 0.0136552 0.0942039
5 0.241009 0.2089 0.0120629 0.0619866
6 0.469269 0.429524 0.0282579 0.070558
5 0.532641 0.231108 0.0457743 0.163941
5 0.838886 0.386314 0.011718 0.0471834
