3 0.407092 0.361795 0.148942 0.257685
4 0.26292 0.503106 0.127853 0.142296
6 0.462933 0.481779 0.045796 0.0984675
7 0.463305 0.72075 0.0443639 0.0896022
3 0.698198 0.336059 0.120553 0.200025
3 0.86615 0.242929 0.0405594 0.0751625
6 0.670728 0.466478 0.0679929 0.098358
3 0.322074 0.549388 0.0701581 0.202469
7 0.670152 0.604902 0.0569934 0.0836756
7 0.588925 0.715527 0.0585753 0.0902344
3 0.563585 0.503323 0.0946064 0.175895
5 0.332317 0.0966209 0.0216844 0.14322
5 0.445339 0.0926312 0.0204962 0.148864
7 0.66766 0.688826 0.0618788 0.081955
3 0.984336 0.345397 0.0305279 0.0542041
6 0.600356 0.488269 0.0928833 0.147505
3 0.870155 0.312236 0.0274782 0.0536101
5 0.258666 0.106057 0.0229709 0.12161
7 0.429306 0.572285 0.0384857 0.0977
5 0.744608 0.117479 0.0142756 0.111329
7 0.360617 0.703471 0.0516957 0.0825665
5 0.712678 0.110178 0.0178963 0.137239
6 0.604138 0.401494 0.0260469 0.0871097
5 0.625826 0.106693 0.0256655 0.156211
5 0.536877 0.132537 0.0151718 0.0972562
5 0.413419 0.129859 0.0152502 0.0932483
3 0.744619 0.243648 0.0384891 0.0591729
7 0.318639 0.676471 0.0369851 0.0533429
7 0.365353 0.609785 0.0207315 0.0649413
6 0.527498 0.390042 0.0248661 0.080799
5 0.620828 0.111771 0.0191278 0.152124
6 0.355807 0.467961 0.0464013 0.0864085
5 0.618627 0.126707 0.0173004 0.121622
4 0.598268 0.48917 0.0883286 0.147779
4 0.982627 0.398557 0.0112617 0.0422326
