6 0.683387 0.745421 0.0833506 0.146121
3 0.192518 0.773503 0.324386 0.452994
5 0.790307 0.254597 0.0433226 0.270409
5 0.738767 0.301588 0.0265787 0.169014
3 0.515541 0.68753 0.088629 0.184536
3 0.646758 0.960158 0.164006 0.0764763
3 0.671433 0.548909 0.14774 0.296221
3 0.337931 0.510745 0.110446 0.182899
5 0.138859 0.305748 0.0351479 0.171527
5 0.367075 0.324771 0.0161409 0.109953
5 0.282319 0.317148 0.0199183 0.116876
5 0.557912 0.322518 0.0155638 0.109178
5 0.483895 0.326427 0.0146812 0.105561
5 0.0302805 0.275973 0.0597786 0.241562
5 0.682917 0.233779 0.0468288 0.319248
5 0.182289 0.208701 0.0801102 0.394133
3 0.4552 0.646003 0.0339987 0.0767825
4 0.825373 0.604413 0.0166786 0.0301273
5 0.68824 0.207606 0.0607234 0.37451
5 0.010821 0.283801 0.0216421 0.248819
6 0.698228 0.90279 0.137298 0.119221
6 0.610648 0.690048 0.0284646 0.0549069
