6 0.642646 0.600232 0.0424566 0.0815893
6 0.413893 0.604731 0.0470581 0.0899954
6 0.412652 0.644473 0.0510402 0.0712577
3 0.536405 0.626672 0.0749887 0.13568
3 0.729967 0.180759 0.0419035 0.0708066
3 0.670042 0.173178 0.0419285 0.0583939
3 0.635738 0.713221 0.0690683 0.126822
4 0.493103 0.891391 0.0569477 0.0368279
3 0.403807 0.170571 0.0440497 0.0627639
3 0.261865 0.1717 0.0438781 0.0596194
3 0.117558 0.173108 0.0444174 0.0595612
4 0.647451 0.839242 0.0425545 0.0735016
6 0.620431 0.580668 0.0632849 0.06572
6 0.609172 0.578601 0.0443448 0.0629297
7 0.439881 0.79379 0.0579778 0.0752157
4 0.414038 0.327856 0.0153967 0.0219158
4 0.604336 0.316476 0.00923443 0.0373736
4 0.429199 0.408999 0.0269079 0.0940135
6 0.646013 0.484944 0.0398577 0.11265
0 0.958054 0.575953 0.0833206 0.40461
0 0.184618 0.435095 0.0703293 0.0309725
3 0.0898385 0.4719 0.0421318 0.0788463
4 0.978571 0.954661 0.0424 0.0906781
6 0.506625 0.506933 0.0222506 0.106277
