0 0.49957 0.763185 0.163793 0.35643
3 0.794663 0.516436 0.0542665 0.0875142
3 0.720571 0.433767 0.0542751 0.0924713
3 0.644472 0.501949 0.0458653 0.0793767
3 0.786052 0.421858 0.0476217 0.0802602
3 0.65349 0.416967 0.0414692 0.0698136
3 0.313636 0.435305 0.0156819 0.0269128
3 0.240457 0.443053 0.0129994 0.0294117
3 0.708702 0.487693 0.0337048 0.0594106
3 0.371245 0.38816 0.0189838 0.034089
3 0.34229 0.421707 0.0197515 0.0347282
3 0.388045 0.418926 0.0170227 0.0314397
3 0.325353 0.38636 0.0162064 0.0313353
6 0.656164 0.471659 0.0272772 0.0373127
5 0.806894 0.34321 0.00907402 0.0460929
4 0.403142 0.483621 0.0168829 0.0231449
6 0.784749 0.479997 0.0350714 0.0400822
6 0.659894 0.470322 0.022504 0.036561
5 0.636783 0.347681 0.00783348 0.0439395
7 0.654697 0.549151 0.029006 0.0379283
6 0.642497 0.460261 0.0327244 0.0408718
6 0.707857 0.488515 0.0320627 0.0618649
7 0.779179 0.564773 0.0334467 0.0341036
4 0.309714 0.493429 0.0149754 0.0163812
5 0.732952 0.351251 0.00578798 0.0415566
7 0.693672 0.561307 0.00906448 0.0322218
