3 0.067586 0.938666 0.133038 0.122669
3 0.930842 0.485612 0.112756 0.152354
3 0.29241 0.63564 0.0457058 0.0773152
3 0.767636 0.578609 0.0742134 0.125199
4 0.163703 0.788697 0.0382682 0.0696543
0 0.499628 0.84202 0.159511 0.186785
3 0.488595 0.618879 0.040436 0.0708435
3 0.825703 0.533846 0.0595341 0.0987623
3 0.75045 0.442569 0.0614357 0.0985794
3 0.482557 0.268621 0.0268507 0.0457878
6 0.880437 0.549425 0.0341486 0.0583879
6 0.746356 0.505096 0.0288729 0.0434694
5 0.790218 0.339947 0.0132706 0.0750097
5 0.903796 0.335945 0.018116 0.0888335
5 0.992638 0.331062 0.0143087 0.0874017
7 0.867668 0.681738 0.0242956 0.0402378
3 0.989844 0.612185 0.0195147 0.130779
7 0.946765 0.69735 0.0402138 0.0419918
5 0.734979 0.343759 0.00978603 0.0593477
6 0.793937 0.534241 0.0345302 0.0593584
5 0.947036 0.339223 0.0111692 0.0594401
5 0.85853 0.344732 0.0101118 0.0531203
7 0.790213 0.653815 0.0371758 0.059416
5 0.751325 0.341502 0.0127527 0.0620183
5 0.809155 0.350975 0.00968418 0.0640593
4 0.398911 0.590777 0.0251123 0.0214642
5 0.810178 0.345862 0.0084095 0.0614206
3 0.987975 0.62203 0.023933 0.154444
7 0.917404 0.599795 0.0311485 0.0460083
5 0.809385 0.35526 0.0127304 0.072215
6 0.877197 0.557195 0.0397755 0.0724211
5 0.747826 0.341394 0.013294 0.0642095
