3 0.96756 0.48547 0.0648794 0.157477
0 0.50013 0.753779 0.16126 0.377603
3 0.824145 0.580788 0.0817418 0.122274
3 0.814644 0.444314 0.0668011 0.105846
3 0.899118 0.540449 0.0552029 0.0987477
7 0.844816 0.658985 0.0405121 0.0595586
3 0.413377 0.392477 0.0213606 0.0373806
3 0.378328 0.427787 0.0224919 0.0379723
6 0.85177 0.534234 0.0404654 0.0638568
3 0.433436 0.424737 0.016013 0.0375121
6 0.803736 0.500608 0.0341469 0.0524757
3 0.35934 0.422328 0.0166771 0.0308016
3 0.363568 0.389203 0.0174957 0.0306074
6 0.941112 0.552952 0.030212 0.0593741
5 0.819865 0.344413 0.009202 0.0586753
5 0.800926 0.341463 0.0158928 0.0707113
5 0.968005 0.333892 0.0184233 0.0919836
7 0.929379 0.686769 0.021941 0.0314301
5 0.939263 0.342692 0.00977478 0.0592111
3 0.35637 0.463269 0.0134964 0.0311803
7 0.961894 0.706455 0.0582354 0.0762478
5 0.8454 0.337063 0.0132305 0.0749519
