3 0.938178 0.782702 0.123644 0.24906
0 0.501025 0.834172 0.145162 0.183321
3 0.0630358 0.532601 0.0338693 0.0513323
5 0.918405 0.318737 0.028434 0.144472
3 0.953479 0.619335 0.0928225 0.133125
3 0.859198 0.493547 0.101829 0.168553
3 0.100139 0.477637 0.027868 0.0437143
3 0.325658 0.470389 0.0180322 0.0334064
3 0.279501 0.402661 0.0297357 0.0508073
3 0.212611 0.400133 0.0259101 0.043575
7 0.86795 0.795808 0.100748 0.182286
7 0.851937 0.77129 0.0664192 0.136457
3 0.230136 0.452377 0.0310863 0.0530992
5 0.846406 0.328272 0.0222572 0.0979245
3 0.517112 0.579984 0.0289124 0.0438811
6 0.862012 0.594499 0.0645023 0.0991974
5 0.851095 0.328749 0.0214855 0.0996835
5 0.993384 0.337171 0.0128756 0.107919
4 0.102383 0.514742 0.0144907 0.0358916
3 0.25099 0.440617 0.0228593 0.0485433
5 0.855941 0.328814 0.0138954 0.0971978
7 0.856258 0.70806 0.0509657 0.0879187
4 0.0238372 0.542364 0.0297699 0.0223289
