3 0.762442 0.517152 0.0512362 0.0893096
3 0.705123 0.420068 0.0446333 0.0790448
3 0.0214975 0.611496 0.0425819 0.0718668
3 0.63721 0.507471 0.0220985 0.0417456
3 0.854096 0.431566 0.0571365 0.0927499
3 0.789641 0.414939 0.0379486 0.0730882
3 0.128413 0.412483 0.0451599 0.051942
3 0.0618507 0.477417 0.0452255 0.0718874
3 0.0165038 0.419873 0.032997 0.0515209
3 0.155932 0.456069 0.0306193 0.0567665
3 0.853586 0.502925 0.0536432 0.0681852
3 0.720733 0.484759 0.0384679 0.0643809
3 0.695333 0.541935 0.0281416 0.0335576
4 0.500415 0.800667 0.0201605 0.0762553
1 0.500048 0.839528 0.144141 0.191168
3 0.0224101 0.516176 0.0335935 0.0407804
5 0.732418 0.346408 0.00697308 0.0407544
5 0.85721 0.348112 0.0134132 0.0671847
5 0.708084 0.344668 0.0109308 0.0433875
4 0.912986 0.563696 0.0208014 0.02564
5 0.881085 0.342287 0.00860386 0.0588891
5 0.811974 0.347666 0.00918808 0.0492217
5 0.789892 0.343148 0.0106779 0.053461
5 0.696588 0.345562 0.00831235 0.0411347
5 0.746349 0.343209 0.00910435 0.0526041
7 0.823434 0.568796 0.0309998 0.0418048
6 0.834763 0.488782 0.0263573 0.0529147
7 0.852848 0.558348 0.0332695 0.03861
7 0.849302 0.56309 0.0385487 0.0360406
7 0.833765 0.566239 0.0251188 0.040736
7 0.830197 0.567867 0.0338222 0.0397178
