3 0.748579 0.52754 0.0521853 0.0971119
3 0.668397 0.435557 0.0530569 0.0950747
3 0.753506 0.425561 0.048213 0.0840552
3 0.606747 0.50451 0.0386986 0.0770686
3 0.627581 0.414498 0.0366824 0.0671616
3 0.986418 0.539236 0.0244724 0.0483673
3 0.691675 0.490593 0.0316828 0.0700425
6 0.613614 0.462689 0.0275127 0.0425645
5 0.69074 0.346954 0.0103369 0.0647828
5 0.711181 0.349639 0.00895386 0.0553465
6 0.732108 0.485163 0.028854 0.0504846
5 0.754536 0.342135 0.0103562 0.058482
4 0.559223 0.523391 0.0173828 0.0190503
6 0.76229 0.46794 0.024599 0.0310638
5 0.612326 0.343557 0.00931568 0.0498925
5 0.636044 0.344168 0.00863457 0.0499297
7 0.728126 0.573609 0.0318468 0.0362997
5 0.777571 0.343562 0.00936565 0.058604
6 0.645005 0.463894 0.0155345 0.0402267
5 0.678975 0.351918 0.00841598 0.0564969
