3 0.670643 0.562977 0.0392801 0.0670424
3 0.338806 0.440576 0.0590982 0.101565
0 0.49996 0.846998 0.162834 0.189354
3 0.388095 0.423012 0.0394015 0.0786001
3 0.330114 0.516254 0.0499002 0.0749327
3 0.489916 0.432461 0.0525993 0.0891947
3 0.435194 0.541416 0.0573593 0.101718
3 0.489674 0.525807 0.0280043 0.0462219
4 0.898584 0.663608 0.0201889 0.0368663
6 0.358041 0.496292 0.0307656 0.0439698
5 0.310231 0.342783 0.0096434 0.0493646
5 0.341975 0.34093 0.00962801 0.0544097
5 0.457488 0.342325 0.0102247 0.0493551
7 0.326467 0.565737 0.0330741 0.0446009
6 0.485247 0.476295 0.0294421 0.0348749
5 0.369283 0.346127 0.00748482 0.0406898
5 0.412508 0.338049 0.00994835 0.0509003
5 0.478789 0.348471 0.00863943 0.0437924
7 0.33533 0.577959 0.0334864 0.0512165
7 0.330636 0.57558 0.0332839 0.0393975
