3 0.800688 0.463128 0.0858803 0.144637
3 0.0434836 0.471093 0.0308753 0.0421853
3 0.148552 0.402698 0.0344696 0.0487471
3 0.857596 0.565011 0.0689102 0.106137
3 0.638257 0.438012 0.0562366 0.0975108
3 0.667355 0.567073 0.0682606 0.116094
4 0.0478878 0.504409 0.0143437 0.0333689
3 0.062153 0.402519 0.0327352 0.047172
3 0.181649 0.442993 0.028091 0.0474046
7 0.626767 0.583411 0.0226438 0.0551095
7 0.756937 0.647912 0.0296953 0.0411126
0 0.499283 0.764682 0.160606 0.370305
3 0.147932 0.455719 0.0211363 0.0354097
5 0.687012 0.34016 0.0108072 0.0614165
3 0.693703 0.512438 0.0500444 0.0810292
7 0.68795 0.631449 0.0303463 0.0483983
6 0.821476 0.528669 0.036071 0.0526623
5 0.644286 0.340922 0.00907688 0.0615892
5 0.784542 0.334582 0.0128557 0.0699042
6 0.764123 0.527832 0.0311169 0.0502058
5 0.713967 0.343665 0.00923386 0.0516891
3 0.0933732 0.458926 0.0356878 0.0537438
0 0.499545 0.853007 0.163817 0.181226
5 0.888077 0.338945 0.0134941 0.0692619
6 0.636834 0.497119 0.0321682 0.0445207
6 0.634156 0.491203 0.0324781 0.0479816
5 0.846012 0.334306 0.0132681 0.0711848
6 0.852322 0.517846 0.0502151 0.0586667
5 0.623106 0.344812 0.0101395 0.0546792
