3 0.365021 0.435266 0.0525772 0.0961486
3 0.569508 0.512692 0.0228144 0.0451206
3 0.444979 0.543259 0.0495892 0.102354
3 0.374429 0.508761 0.0421543 0.072254
3 0.512528 0.431509 0.0503817 0.0937108
3 0.984266 0.886212 0.0314682 0.157235
3 0.495974 0.496551 0.0427162 0.0661745
3 0.433919 0.420415 0.0351496 0.0756209
4 0.779697 0.591169 0.0278561 0.0225155
4 0.49361 0.786107 0.0191118 0.0861031
4 0.677671 0.575013 0.023633 0.0234222
1 0.499574 0.838639 0.143529 0.187226
5 0.362929 0.338663 0.00973768 0.0578481
5 0.515104 0.342502 0.00847654 0.0604169
5 0.420879 0.338321 0.0103664 0.0570118
7 0.380049 0.58669 0.0362187 0.0460734
5 0.347566 0.340984 0.0112422 0.0541398
5 0.493117 0.342719 0.00647278 0.0385684
7 0.364045 0.566017 0.0243991 0.0412382
7 0.364303 0.573131 0.0277041 0.0451951
5 0.351628 0.341476 0.0130554 0.0537222
