3 0.314113 0.526744 0.0280316 0.0483212
3 0.534985 0.410704 0.0337465 0.0589284
3 0.583787 0.467665 0.0339807 0.0574475
3 0.271023 0.47992 0.0198751 0.0322533
3 0.486193 0.465258 0.0331355 0.0568736
4 0.239399 0.781353 0.0406305 0.0547889
3 0.492329 0.403417 0.0333637 0.053251
3 0.19889 0.42184 0.0216103 0.0314735
3 0.581306 0.404807 0.0293983 0.0444514
3 0.253909 0.418878 0.0193779 0.0319538
3 0.233489 0.387592 0.0210313 0.0347755
3 0.181391 0.38806 0.0205722 0.0352405
0 0.501161 0.845173 0.161623 0.189899
3 0.973042 0.80566 0.0535881 0.0357269
7 0.575188 0.50227 0.0200945 0.0306193
4 0.456246 0.472508 0.0103247 0.0162369
5 0.480826 0.351584 0.00824757 0.0344255
5 0.582272 0.350508 0.00697479 0.032636
6 0.521428 0.444386 0.0105267 0.0282111
