3 0.813434 0.651569 0.218071 0.361931
3 0.226167 0.668214 0.230095 0.396379
5 0.93319 0.268753 0.0494743 0.233297
3 0.516794 0.827531 0.116372 0.277035
5 0.271113 0.295084 0.0281172 0.183333
5 0.754784 0.296391 0.027507 0.181686
5 0.0976903 0.268972 0.0463378 0.253137
5 0.455738 0.305889 0.021394 0.14449
5 0.566727 0.310652 0.0197838 0.145031
4 0.395655 0.654525 0.0325133 0.0315757
6 0.877094 0.868345 0.0554003 0.17259
6 0.163002 0.902365 0.0763203 0.183263
6 0.702092 0.799458 0.0435553 0.128003
