3 0.186495 0.898768 0.0957968 0.169682
6 0.778548 0.504426 0.0333452 0.0567023
3 0.869905 0.57971 0.0750748 0.126831
3 0.765288 0.440344 0.0614513 0.104116
3 0.600956 0.466916 0.0162815 0.0300353
3 0.931436 0.543023 0.0584114 0.0943442
3 0.96831 0.458978 0.0633809 0.128015
3 0.748407 0.517512 0.0400931 0.0786973
4 0.643279 0.657196 0.032726 0.0301388
3 0.832722 0.428432 0.0438988 0.0863459
7 0.892887 0.642248 0.0248962 0.0445603
1 0.500077 0.835339 0.14535 0.188601
5 0.811554 0.344164 0.00999584 0.060652
3 0.740631 0.384596 0.0228376 0.0297566
5 0.853212 0.344306 0.0157818 0.0894493
5 0.762587 0.342847 0.0104363 0.068962
5 0.744331 0.34227 0.0103361 0.064649
7 0.774632 0.604352 0.0286917 0.0596512
7 0.749059 0.58611 0.0323318 0.0543342
7 0.954631 0.634682 0.0443884 0.0415847
5 0.97361 0.339558 0.0131371 0.0671881
7 0.948523 0.637217 0.0530659 0.043024
5 0.92081 0.347791 0.0214684 0.102038
6 0.837923 0.523669 0.0184242 0.058597
5 0.922709 0.338527 0.0174286 0.0808647
5 0.771023 0.340876 0.0116461 0.0665203
5 0.915895 0.357833 0.033415 0.124908
1 0.501222 0.722207 0.145823 0.418019
6 0.971691 0.510023 0.0324768 0.0322702
5 0.810621 0.356338 0.0107496 0.0748933
7 0.74732 0.575085 0.0335932 0.0625247
3 0.736445 0.416542 0.0163898 0.0373958
7 0.831446 0.624733 0.0158138 0.0551143
