3 0.953209 0.46151 0.0913147 0.13623
3 0.454086 0.490631 0.0216797 0.0391154
3 0.812522 0.553631 0.0659372 0.111767
3 0.10809 0.504574 0.0280007 0.0464275
3 0.346231 0.393024 0.0224196 0.0377548
3 0.309138 0.434496 0.0248456 0.0451185
3 0.778219 0.432535 0.0548992 0.0893811
3 0.28892 0.392313 0.0203553 0.0372105
3 0.415024 0.454169 0.0159127 0.0281096
3 0.365564 0.429293 0.0195636 0.0405999
5 0.940864 0.339348 0.0162111 0.085432
3 0.834814 0.502917 0.0364149 0.0671027
7 0.771032 0.575528 0.0348721 0.0583748
7 0.902942 0.637748 0.0319513 0.0405715
7 0.831761 0.621483 0.0266479 0.0503492
5 0.979872 0.340845 0.0129883 0.06169
5 0.83898 0.338139 0.0126221 0.0723273
7 0.964468 0.644064 0.0416267 0.0440378
7 0.778018 0.581856 0.0452639 0.072881
6 0.975834 0.530031 0.0467125 0.0581321
5 0.794643 0.341602 0.0111217 0.0673845
5 0.813792 0.345165 0.0102247 0.0614726
6 0.773355 0.480769 0.0334699 0.0521456
7 0.987655 0.638741 0.0243412 0.0407593
3 0.112489 0.495595 0.0296737 0.0408728
5 0.927895 0.34494 0.0113323 0.0625319
6 0.913798 0.527867 0.0318108 0.055159
3 0.98487 0.570868 0.03026 0.107781
3 0.987667 0.580632 0.0243057 0.081329
5 0.856073 0.359439 0.0129314 0.0868956
7 0.906122 0.569053 0.0205444 0.0441561
5 0.815969 0.345205 0.0087204 0.0540163
7 0.760698 0.561796 0.0311453 0.0247216
5 0.855844 0.346038 0.0103497 0.0565372
7 0.902513 0.573744 0.0262115 0.0538996
5 0.856472 0.366616 0.0222889 0.10549
7 0.984873 0.645463 0.029987 0.0364727
7 0.791524 0.595579 0.0254846 0.0457324
