3 0.852049 0.677164 0.107956 0.194094
3 0.951425 0.587113 0.0971506 0.270975
3 0.607576 0.59358 0.035997 0.0820514
3 0.659401 0.387397 0.0180601 0.0319085
5 0.930528 0.310274 0.0317265 0.150758
3 0.663283 0.424878 0.0196535 0.0361192
4 0.491234 0.774699 0.0264629 0.0709539
7 0.876391 0.840095 0.116578 0.197642
3 0.698491 0.392338 0.0220831 0.0407602
5 0.848895 0.325051 0.0239122 0.111795
3 0.724388 0.429452 0.0204325 0.0370563
3 0.712231 0.56395 0.032724 0.0589876
6 0.866898 0.626413 0.0683428 0.114627
7 0.90733 0.894517 0.0534588 0.0894033
6 0.927043 0.671936 0.0599365 0.110783
3 0.940503 0.457345 0.0410522 0.0640339
3 0.719907 0.389815 0.0191431 0.0376979
6 0.991903 0.764446 0.0158257 0.108776
7 0.853653 0.804022 0.0649128 0.125075
3 0.96498 0.440993 0.0698845 0.0680141
6 0.87241 0.579842 0.0608658 0.0796632
3 0.658594 0.383829 0.0149864 0.0305101
6 0.871571 0.611572 0.0623877 0.136959
3 0.960796 0.450383 0.078408 0.0875362
3 0.684882 0.422152 0.0149538 0.0374912
