3 0.0187358 0.470329 0.0241506 0.031249
3 0.529813 0.57973 0.0448033 0.070136
3 0.113637 0.420206 0.0203698 0.0315974
3 0.400753 0.468178 0.0348272 0.0611462
3 0.17498 0.416507 0.0183207 0.0304528
3 0.313101 0.465283 0.0310415 0.0621757
3 0.343994 0.422318 0.0374231 0.0416775
3 0.417867 0.415295 0.0232807 0.0265932
3 0.133739 0.41623 0.0177206 0.0324147
3 0.379665 0.4507 0.0214436 0.0501308
5 0.304213 0.347845 0.00952562 0.0412786
3 0.415559 0.41475 0.0239189 0.0345846
5 0.321984 0.350495 0.00956373 0.0381225
5 0.354207 0.347998 0.00917711 0.0381128
3 0.437281 0.611259 0.0324271 0.0269852
