3 0.902479 0.549962 0.0354805 0.0548949
3 0.594038 0.442327 0.0218939 0.0449389
3 0.620957 0.401559 0.0274216 0.0486876
3 0.666146 0.449653 0.0278922 0.0499115
3 0.681371 0.398325 0.0226072 0.0371101
4 0.494838 0.792812 0.0256065 0.0862663
4 0.707175 0.490662 0.0170481 0.0138256
4 0.930024 0.568651 0.0182739 0.0283033
1 0.500533 0.836805 0.14551 0.19512
4 0.784588 0.912141 0.0639191 0.0612423
4 0.986749 0.706989 0.0258232 0.0850091
4 0.765151 0.492717 0.0200829 0.0143382
3 0.647185 0.433685 0.0167055 0.041885
1 0.502005 0.721256 0.142895 0.435345
