3 0.549647 0.608313 0.0363355 0.0717729
3 0.361372 0.435935 0.0573576 0.103124
3 0.269244 0.548149 0.0607076 0.108792
3 0.226302 0.434654 0.0578102 0.0922609
3 0.465132 0.413495 0.0169085 0.0334376
3 0.484589 0.383752 0.0162968 0.0303645
3 0.231568 0.523862 0.0262878 0.0485527
1 0.499456 0.832218 0.145372 0.19422
3 0.51343 0.382054 0.0145197 0.0286479
3 0.397649 0.508791 0.0415044 0.083291
3 0.285421 0.491877 0.0333066 0.0601658
4 0.501895 0.79282 0.0222596 0.0663473
6 0.389605 0.473944 0.0358392 0.047361
5 0.255682 0.344922 0.00829449 0.0456471
7 0.346317 0.591686 0.0221035 0.043186
6 0.228529 0.488277 0.029606 0.0390221
3 0.510687 0.414579 0.0165449 0.0367582
5 0.369934 0.348348 0.00770473 0.0490903
5 0.383627 0.341169 0.00982847 0.0566628
5 0.403423 0.343002 0.00991325 0.0509109
5 0.216076 0.340911 0.0101548 0.0515717
5 0.344747 0.343905 0.0120959 0.0682244
5 0.206243 0.339616 0.009727 0.0540132
5 0.213601 0.341104 0.0104574 0.0565584
7 0.381686 0.572183 0.0274923 0.051616
7 0.293153 0.599727 0.0227032 0.035463
6 0.287266 0.492529 0.0312789 0.0595028
5 0.288864 0.343805 0.00991414 0.0529536
5 0.231922 0.338051 0.00959892 0.0619483
5 0.385199 0.341765 0.0103677 0.0605898
6 0.3417 0.501053 0.0209462 0.0537112
7 0.244315 0.591624 0.0414614 0.0448047
5 0.340751 0.343423 0.0117907 0.0666568
5 0.290073 0.344136 0.0098568 0.046671
6 0.236338 0.492783 0.0322167 0.0391571
7 0.388745 0.564661 0.0344615 0.0501102
7 0.229823 0.565751 0.0230285 0.0347409
