3 0.705174 0.513215 0.0254978 0.0453618
3 0.94894 0.453119 0.0833118 0.120803
3 0.8188 0.546479 0.06629 0.108972
3 0.758757 0.431225 0.0508926 0.0960532
3 0.883479 0.429099 0.0485373 0.0885918
0 0.492874 0.726074 0.162197 0.408096
3 0.967461 0.543535 0.0582722 0.0972249
3 0.790082 0.499575 0.0508678 0.0736487
6 0.915196 0.508961 0.0413099 0.0531973
7 0.954231 0.609988 0.0505497 0.0434396
4 0.569602 0.531963 0.0206343 0.0152649
6 0.960628 0.510138 0.0394234 0.0349174
5 0.913105 0.340371 0.00952492 0.0524369
5 0.977408 0.34038 0.0129997 0.0587963
7 0.90827 0.617642 0.0431839 0.0472506
5 0.947023 0.337951 0.0132893 0.0684243
5 0.992516 0.336564 0.0111694 0.0650782
5 0.754482 0.345874 0.011687 0.056992
5 0.853794 0.341009 0.0105818 0.0731569
5 0.868411 0.346346 0.00742187 0.0518492
