3 0.15271 0.637553 0.101758 0.157702
3 0.123424 0.46305 0.0893494 0.13677
3 0.366588 0.559219 0.056739 0.119014
3 0.294297 0.477848 0.0834534 0.15039
3 0.222005 0.544284 0.0590368 0.106268
3 0.543618 0.384591 0.0125477 0.0320886
3 0.489185 0.417263 0.0170336 0.0357258
3 0.510546 0.386438 0.017524 0.0334369
3 0.419461 0.477294 0.0171133 0.0349043
6 0.357806 0.511282 0.0352272 0.0578825
4 0.499302 0.796743 0.0212496 0.0713665
5 0.146316 0.330016 0.0212194 0.100203
5 0.114651 0.341589 0.0177809 0.0853777
5 0.087362 0.335972 0.0303957 0.101549
3 0.537269 0.419269 0.0206396 0.0373448
5 0.338221 0.342103 0.0103141 0.0677574
5 0.262777 0.332635 0.0134856 0.0894787
7 0.272738 0.689202 0.023875 0.0547444
5 0.303274 0.341018 0.00848497 0.056068
6 0.180711 0.563002 0.0471066 0.0686014
3 0.490047 0.521122 0.0269815 0.0383194
3 0.495959 0.384322 0.0136673 0.0350313
6 0.2639 0.556599 0.0208649 0.0673631
5 0.235879 0.341889 0.0104316 0.0614481
5 0.371815 0.342982 0.0119819 0.0784765
6 0.120086 0.538745 0.0442834 0.0572905
5 0.185844 0.340232 0.0131423 0.0714937
3 0.31765 0.417652 0.0502652 0.0677711
3 0.541945 0.382044 0.0161615 0.0344565
5 0.0957755 0.343541 0.0476809 0.119029
5 0.0876386 0.329531 0.0234104 0.091709
