3 0.286953 0.342294 0.111349 0.187039
3 0.246602 0.50663 0.0890872 0.147722
4 0.305208 0.162015 0.0545613 0.164343
3 0.973126 0.233855 0.0534924 0.084078
3 0.849361 0.249875 0.0521654 0.0762884
4 0.315959 0.600151 0.0709856 0.11411
4 0.404766 0.711175 0.0874264 0.0625197
3 0.733003 0.263356 0.0445652 0.0733676
4 0.424665 0.42804 0.0503763 0.119949
4 0.56157 0.414785 0.0672976 0.0650808
4 0.204436 0.68009 0.0678334 0.073565
7 0.260072 0.595353 0.0489756 0.0811344
4 0.451448 0.270978 0.0283562 0.102333
6 0.322583 0.420342 0.0475255 0.095063
3 0.789316 0.483966 0.0241705 0.0433245
5 0.233304 0.164372 0.0209504 0.147193
3 0.705074 0.481404 0.029057 0.0444451
6 0.371846 0.435359 0.0213627 0.0647088
6 0.493531 0.43533 0.0380731 0.0881071
3 0.692916 0.436824 0.0259781 0.0472946
4 0.53112 0.637129 0.0437094 0.0557149
5 0.210992 0.188067 0.0154326 0.0960441
7 0.42706 0.579066 0.0495443 0.109519
5 0.432671 0.147345 0.0144144 0.131264
4 0.498412 0.598291 0.0548904 0.10455
4 0.567477 0.645402 0.0342733 0.122309
5 0.509414 0.16128 0.0144293 0.107332
7 0.533184 0.580004 0.0462529 0.0728396
5 0.212227 0.198778 0.0251618 0.122175
5 0.366018 0.258431 0.0143361 0.0789925
7 0.489178 0.573527 0.026912 0.0869668
7 0.442359 0.555659 0.0220622 0.0572161
7 0.489998 0.58615 0.0342804 0.101315
6 0.248754 0.426276 0.0480629 0.0759079
