0 0.499912 0.834825 0.146086 0.184439
3 0.199162 0.549406 0.0327366 0.0541311
3 0.481343 0.428513 0.0492233 0.0873467
3 0.408833 0.516931 0.0460279 0.0872926
3 0.367772 0.423077 0.0416557 0.0816599
3 0.506088 0.489487 0.0380228 0.0746439
3 0.378927 0.499665 0.0178242 0.0427368
4 0.719256 0.573285 0.025391 0.025103
5 0.454006 0.347605 0.00713825 0.0387518
5 0.384803 0.343239 0.00869246 0.0523623
3 0.405411 0.461875 0.0317186 0.0356782
5 0.360154 0.346529 0.00892359 0.0501841
4 0.558106 0.519507 0.0191074 0.0189361
5 0.414636 0.340567 0.00904713 0.0541627
4 0.224571 0.552665 0.0197314 0.0202624
3 0.459406 0.404544 0.0240932 0.0536941
5 0.416082 0.342971 0.0107271 0.0520062
