3 0.389253 0.440159 0.0549594 0.0996524
3 0.297238 0.546872 0.0589932 0.106937
3 0.430147 0.509283 0.0418806 0.0834324
3 0.263696 0.431879 0.0513504 0.0885237
3 0.518463 0.414149 0.0174134 0.0352123
3 0.321045 0.495357 0.040866 0.0745481
3 0.683037 0.454999 0.0174822 0.0331096
1 0.499952 0.83853 0.146798 0.178708
3 0.568303 0.382546 0.0118069 0.0275659
5 0.262239 0.337558 0.0105609 0.0610477
3 0.562199 0.41591 0.0190706 0.0376555
5 0.409419 0.343034 0.0112431 0.0596522
6 0.425887 0.470674 0.0233325 0.0441685
5 0.245501 0.339514 0.00890489 0.0545954
3 0.536866 0.384344 0.0171165 0.0301508
5 0.436745 0.341933 0.0100205 0.0572397
7 0.373693 0.592682 0.0182894 0.0442554
6 0.269194 0.485341 0.031233 0.0285395
6 0.369783 0.497796 0.0135732 0.0476235
7 0.319498 0.599877 0.0258957 0.0379233
1 0.501348 0.724432 0.147774 0.409953
3 0.566026 0.379703 0.0162617 0.0292062
7 0.264556 0.575429 0.024132 0.0383266
5 0.299099 0.33757 0.0123954 0.065401
6 0.403305 0.487191 0.0236802 0.0438452
5 0.262428 0.339821 0.0143469 0.0625348
7 0.415039 0.573151 0.0301291 0.0485036
