3 0.669551 0.8796 0.0886719 0.173493
3 0.938228 0.862135 0.10218 0.154277
3 0.462252 0.43428 0.0551764 0.102538
3 0.194103 0.537272 0.0291834 0.0510889
0 0.501067 0.834596 0.146348 0.17968
3 0.491005 0.501945 0.0431063 0.0758375
3 0.33988 0.430016 0.0485321 0.0852297
3 0.385171 0.493858 0.0379819 0.0754951
4 0.619911 0.53334 0.0154822 0.0209021
5 0.486323 0.340328 0.0105656 0.0587208
6 0.438943 0.498562 0.0173262 0.0395234
6 0.484168 0.474885 0.0311476 0.0447972
7 0.446528 0.588043 0.0257969 0.0418793
5 0.385387 0.338621 0.0112404 0.0658888
5 0.362388 0.344392 0.00976028 0.0565681
5 0.502824 0.346992 0.0109056 0.0556818
7 0.36421 0.584908 0.024746 0.0419815
5 0.347758 0.340742 0.0104443 0.0638788
7 0.392733 0.588407 0.0315461 0.0393143
6 0.343532 0.482804 0.0374702 0.054298
6 0.354138 0.491767 0.0293635 0.04989
4 0.689368 0.550562 0.0217828 0.0236121
5 0.327734 0.341538 0.0121693 0.0506424
5 0.439072 0.344164 0.00917206 0.0491502
7 0.344176 0.561312 0.0293885 0.0415344
5 0.467831 0.344795 0.00758104 0.0436205
6 0.482635 0.48208 0.0335921 0.054243
6 0.437075 0.501938 0.0163593 0.0516922
