0 0.499041 0.757301 0.159464 0.360955
3 0.167598 0.4928 0.112391 0.166982
3 0.234774 0.57897 0.0748566 0.120943
6 0.132922 0.591751 0.0451887 0.0957979
3 0.0233188 0.65239 0.0459484 0.247671
4 0.955465 0.823422 0.052636 0.0886654
3 0.0194147 0.683961 0.0388294 0.184171
5 0.208683 0.330482 0.0150345 0.085817
5 0.134959 0.330924 0.0187737 0.107116
5 0.245543 0.339796 0.012138 0.075378
5 0.231824 0.338401 0.0106467 0.0652026
7 0.144422 0.744988 0.0388585 0.0662838
6 0.235113 0.660381 0.0507255 0.0863427
6 0.238038 0.648799 0.0432708 0.0651366
5 0.0102618 0.336893 0.0176853 0.073271
5 0.118395 0.34073 0.0123708 0.06576
6 0.23265 0.52872 0.0409441 0.0473377
6 0.23069 0.670212 0.0590498 0.107179
6 0.228281 0.536946 0.0501993 0.0696903
