3 0.340543 0.596584 0.0351447 0.0695349
3 0.56521 0.525309 0.0487478 0.0895893
3 0.650415 0.434099 0.0517803 0.0959563
3 0.526075 0.423468 0.0399985 0.0810454
3 0.670019 0.504482 0.0430567 0.0779016
4 0.239692 0.624414 0.030289 0.0309632
3 0.619605 0.414432 0.0305264 0.0705746
6 0.628474 0.486154 0.0244787 0.0429564
5 0.51925 0.344148 0.00867901 0.0485309
5 0.545472 0.341596 0.00886078 0.0535802
5 0.581052 0.340548 0.0104105 0.0570135
5 0.688161 0.343554 0.0109779 0.0602116
5 0.643267 0.339481 0.00945206 0.0549263
4 0.842853 0.558508 0.0293812 0.0220168
4 0.227064 0.513242 0.0180545 0.0174487
3 0.560563 0.468455 0.035821 0.0397714
5 0.611967 0.344455 0.00922642 0.0452297
7 0.628223 0.573594 0.0274019 0.0385561
3 0.561651 0.481453 0.0390678 0.0390547
5 0.570665 0.345215 0.00807387 0.04852
7 0.584277 0.572446 0.0155115 0.0409222
6 0.528881 0.466176 0.024262 0.0323774
7 0.668218 0.55633 0.0313213 0.0411934
