3 0.612702 0.489411 0.0388525 0.0737871
3 0.679918 0.419331 0.0419329 0.0753774
3 0.83231 0.44852 0.0150879 0.0264728
3 0.575432 0.468359 0.0208172 0.0321568
3 0.781705 0.382416 0.0140173 0.0285595
3 0.694947 0.477915 0.0375259 0.067166
3 0.94191 0.501808 0.0305628 0.0438403
3 0.748253 0.384573 0.0173668 0.0322606
3 0.578388 0.405141 0.03032 0.0664599
3 0.65309 0.406021 0.0236875 0.0597059
4 0.466891 0.514229 0.0157802 0.0166214
4 0.987333 0.561979 0.0247768 0.023961
4 0.336228 0.568677 0.0161538 0.022944
3 0.758403 0.409155 0.0149187 0.0264947
3 0.727467 0.413114 0.0150145 0.0298814
7 0.664501 0.52812 0.0202869 0.0303576
5 0.628087 0.345246 0.00837485 0.0423987
7 0.69269 0.519225 0.0233614 0.0344498
5 0.592219 0.3485 0.0075662 0.0410698
6 0.666909 0.461878 0.0191822 0.0420748
