3 0.0996778 0.497393 0.119335 0.182825
3 0.27358 0.606164 0.0767434 0.138754
3 0.429473 0.530338 0.0254589 0.0506343
3 0.0353456 0.628889 0.0706912 0.155695
0 0.49975 0.835157 0.146334 0.185103
3 0.300197 0.449185 0.0652735 0.114711
4 0.636911 0.628732 0.028848 0.0307327
4 0.92146 0.950782 0.0854935 0.090956
3 0.234279 0.539579 0.0581355 0.102914
5 0.0332252 0.32347 0.0202344 0.103586
5 0.121796 0.33101 0.0218434 0.11452
7 0.162266 0.728013 0.0379045 0.0472333
5 0.0634134 0.335797 0.0144517 0.0725509
5 0.247713 0.332776 0.0144082 0.0947001
7 0.249983 0.692844 0.0329056 0.0599564
5 0.298744 0.336744 0.0158728 0.0816457
5 0.316373 0.338383 0.00946541 0.0709026
5 0.314451 0.338521 0.00999098 0.0757945
7 0.07052 0.735343 0.0828694 0.0529099
6 0.150933 0.572133 0.0361133 0.0587167
5 0.205933 0.338985 0.0109262 0.0582882
7 0.0406379 0.715144 0.066635 0.0516276
7 0.31866 0.612984 0.0180335 0.0441864
7 0.0882756 0.737914 0.0480835 0.0447261
6 0.235252 0.54915 0.0525474 0.0733304
