3 0.804723 0.608105 0.0884447 0.142842
3 0.680925 0.46058 0.0711637 0.132412
3 0.543696 0.38506 0.0173046 0.0345508
3 0.48543 0.447529 0.0143011 0.0254135
3 0.636821 0.539909 0.0598938 0.102604
3 0.51372 0.41414 0.0162176 0.0360291
7 0.698936 0.654582 0.0272814 0.0531386
3 0.857257 0.458808 0.0821304 0.127782
4 0.245075 0.693637 0.0260596 0.0475497
1 0.500461 0.840881 0.148473 0.181285
7 0.641029 0.613299 0.0481007 0.0775064
5 0.668297 0.344468 0.00754528 0.0595343
5 0.889485 0.337394 0.0157013 0.0824611
6 0.70357 0.53582 0.0260078 0.0695824
3 0.562045 0.416252 0.0169373 0.0339641
7 0.768578 0.67248 0.037121 0.0423863
3 0.732975 0.49672 0.02346 0.0425377
3 0.512918 0.382307 0.0147791 0.029029
5 0.812833 0.338472 0.0112764 0.0580644
5 0.860737 0.328545 0.0161703 0.0765999
5 0.701049 0.334652 0.0141262 0.0827483
5 0.769122 0.340631 0.0102282 0.054464
6 0.863499 0.517402 0.0317554 0.0413567
7 0.647325 0.616624 0.0377693 0.0693159
5 0.631064 0.340492 0.00906677 0.0661879
3 0.730896 0.398273 0.0151136 0.0305411
6 0.771322 0.548938 0.0408871 0.0621987
3 0.559259 0.383372 0.0160336 0.0325891
6 0.639842 0.504291 0.0439714 0.0670782
5 0.629997 0.340934 0.0126841 0.0686983
3 0.776543 0.525795 0.0509541 0.0864805
5 0.698772 0.336782 0.0126637 0.0817208
6 0.632877 0.495295 0.0288303 0.0542619
6 0.634887 0.500201 0.039547 0.0577882
7 0.852637 0.61138 0.0141754 0.0336833
5 0.813928 0.343918 0.0135582 0.0618318
7 0.857585 0.635293 0.0269493 0.0315958
