3 0.323115 0.534239 0.0277592 0.050514
3 0.382026 0.491968 0.0397974 0.0763216
3 0.430105 0.424878 0.0417011 0.0831919
3 0.493428 0.491446 0.0392932 0.075985
3 0.0981311 0.431473 0.0239741 0.0398688
3 0.493055 0.411797 0.0397747 0.0684988
3 0.140808 0.389135 0.0240645 0.0368769
3 0.169352 0.424461 0.0235557 0.0379156
3 0.396692 0.409412 0.0350716 0.0661834
4 0.852306 0.61107 0.0327307 0.0241576
3 0.453235 0.470024 0.0278704 0.0590243
3 0.0800504 0.391056 0.0235439 0.0393129
3 0.119381 0.424993 0.0185688 0.0405374
3 0.217948 0.450533 0.0170017 0.0306908
5 0.493587 0.346029 0.00925598 0.0426251
5 0.508207 0.348212 0.00749226 0.0447326
5 0.379893 0.344266 0.00975475 0.043878
5 0.462395 0.346366 0.00683689 0.0484661
4 0.0962987 0.486697 0.0162372 0.022606
5 0.446423 0.345228 0.00895252 0.041335
