3 0.947333 0.637853 0.104677 0.15723
3 0.797397 0.473669 0.0865477 0.135864
3 0.607326 0.41623 0.0162994 0.0347711
3 0.559209 0.41605 0.0173955 0.0340903
3 0.4751 0.532767 0.0250401 0.0423701
3 0.510463 0.448399 0.0132118 0.026848
3 0.555897 0.384164 0.0175989 0.0310442
3 0.723945 0.5534 0.0578968 0.110875
3 0.886464 0.547362 0.0668026 0.107859
1 0.499844 0.837847 0.142808 0.186493
6 0.733315 0.506971 0.0354889 0.0739807
7 0.818428 0.682671 0.0249657 0.0568924
5 0.828361 0.337707 0.0149887 0.0935868
3 0.588115 0.386786 0.0191521 0.035454
5 0.763136 0.337182 0.014493 0.0783379
3 0.687857 0.471907 0.0164059 0.0305147
5 0.759026 0.340536 0.0122845 0.0721385
5 0.957309 0.328743 0.0211239 0.0970852
4 0.494163 0.789804 0.0251297 0.0809935
3 0.97724 0.456709 0.0455208 0.16844
7 0.79577 0.581463 0.0171766 0.0506069
5 0.722417 0.338885 0.0116489 0.0643718
5 0.798012 0.343853 0.0120016 0.0648545
6 0.823998 0.548327 0.0276871 0.0625789
6 0.918476 0.565466 0.0531429 0.0589526
3 0.983436 0.461478 0.0331276 0.1645
5 0.930235 0.349394 0.016724 0.0905903
5 0.873541 0.340552 0.0122177 0.0580359
7 0.727032 0.619771 0.0396328 0.064175
5 0.931914 0.34332 0.0121853 0.0764662
5 0.927234 0.355721 0.0227821 0.104982
3 0.556463 0.378701 0.0192531 0.0272198
6 0.764907 0.527757 0.024732 0.0703768
7 0.758066 0.643179 0.02479 0.0544837
