3 0.258876 0.425146 0.0494067 0.0815052
0 0.499287 0.755929 0.165102 0.376431
3 0.195942 0.527538 0.0623338 0.0932233
3 0.0815741 0.519991 0.0577339 0.0781451
3 0.0847296 0.439257 0.0713485 0.102935
3 0.156387 0.4228 0.0473859 0.0797248
3 0.237853 0.488215 0.0433682 0.0682169
4 0.580638 0.608224 0.0225682 0.0344615
7 0.0851355 0.57225 0.0370953 0.0433098
7 0.119103 0.585076 0.0335911 0.0370305
4 0.561862 0.546756 0.0161356 0.0276388
5 0.0831168 0.340479 0.0117681 0.0542903
6 0.169484 0.489184 0.0135148 0.0498384
6 0.106468 0.493084 0.0305657 0.0444773
6 0.254901 0.470339 0.0171726 0.0328834
7 0.0812118 0.566548 0.0355892 0.0395053
7 0.172328 0.582224 0.0139107 0.0462068
