3 0.790644 0.749785 0.134923 0.228434
3 0.801665 0.490572 0.104495 0.169931
3 0.371776 0.434045 0.0226246 0.0411589
3 0.515753 0.459386 0.0147161 0.0320576
3 0.412639 0.557204 0.0282385 0.0541518
5 0.815879 0.307749 0.0308167 0.142861
3 0.432061 0.428014 0.0192746 0.0403369
3 0.939026 0.653754 0.102135 0.171056
5 0.763611 0.321973 0.0247978 0.117933
3 0.363898 0.391038 0.020479 0.036199
6 0.8341 0.687855 0.0806084 0.119807
3 0.409472 0.392612 0.0212369 0.0392423
5 0.913026 0.332537 0.0197529 0.100419
6 0.770014 0.611891 0.0481882 0.0627731
1 0.499078 0.723772 0.138532 0.400366
6 0.833795 0.593189 0.0252312 0.0530399
7 0.820469 0.909982 0.0699116 0.110709
6 0.776673 0.576652 0.0452373 0.0849674
1 0.50075 0.836727 0.144512 0.184144
4 0.251285 0.481596 0.0170014 0.017308
