3 0.513548 0.478139 0.0355764 0.0680787
3 0.314083 0.671036 0.0505648 0.0923738
3 0.559152 0.407437 0.0346524 0.0641225
3 0.0582877 0.668639 0.05862 0.0948006
3 0.464697 0.408787 0.0349594 0.0644262
3 0.468074 0.45975 0.0324406 0.0552997
3 0.507914 0.402113 0.0248583 0.0562477
4 0.673852 0.512636 0.0197653 0.0188449
3 0.550901 0.458437 0.0309895 0.0542138
4 0.805501 0.558034 0.0266205 0.0228738
4 0.0184828 0.620498 0.0308651 0.030793
4 0.504156 0.808767 0.0272694 0.0973501
3 0.464219 0.493109 0.0264393 0.0297396
5 0.466812 0.347448 0.00904303 0.0367822
