3 0.786772 0.483219 0.100509 0.15788
3 0.650941 0.579784 0.0699936 0.126421
3 0.893254 0.607474 0.092239 0.140513
3 0.552783 0.511091 0.0296658 0.0534548
3 0.65208 0.441067 0.0620733 0.106541
3 0.853954 0.447861 0.0617996 0.116744
4 0.551958 0.555927 0.0127495 0.0364163
0 0.498392 0.758724 0.159197 0.366646
5 0.758542 0.332407 0.0143532 0.0874842
5 0.839236 0.328141 0.0140781 0.0841206
5 0.630839 0.337436 0.0100019 0.0657438
5 0.659333 0.335439 0.0136742 0.0742714
3 0.693349 0.5266 0.0330963 0.0634959
3 0.729093 0.530935 0.0414893 0.101057
6 0.637997 0.499846 0.0247269 0.0474166
5 0.885592 0.33747 0.0124634 0.0583147
3 0.86293 0.542672 0.0421906 0.0687615
7 0.668852 0.659653 0.0400398 0.0595077
5 0.712362 0.348124 0.00991554 0.0602782
6 0.743345 0.550047 0.0240034 0.0621382
