3 0.81423 0.64914 0.216936 0.353353
3 0.226481 0.668504 0.229777 0.397177
5 0.933994 0.268083 0.0484062 0.232
3 0.518747 0.828277 0.115081 0.276766
5 0.271586 0.294723 0.0282354 0.183045
5 0.755664 0.295559 0.0291043 0.182079
5 0.0986965 0.269008 0.0467248 0.252493
5 0.456603 0.30632 0.0201005 0.144685
4 0.395802 0.654515 0.0325508 0.0316686
6 0.877173 0.866619 0.0547112 0.168593
5 0.567667 0.310006 0.0203293 0.151331
6 0.163522 0.902699 0.0761048 0.183266
6 0.702777 0.800574 0.0427635 0.127579
6 0.334572 0.822039 0.0443017 0.125601
