3 0.877776 0.334805 0.125399 0.215298
3 0.882568 0.504551 0.106045 0.155512
7 0.903419 0.634019 0.0653099 0.102879
6 0.904962 0.431006 0.0667456 0.101198
7 0.856658 0.612054 0.0629909 0.0944282
4 0.814758 0.696239 0.0625029 0.0869798
0 0.59443 0.712968 0.237985 0.171444
5 0.874857 0.119182 0.0205925 0.14035
5 0.829995 0.130606 0.0209986 0.121509
7 0.918864 0.586708 0.0292759 0.0480088
5 0.89173 0.147179 0.0179855 0.0936498
5 0.835118 0.137697 0.0253159 0.12178
5 0.84217 0.144812 0.0171782 0.0994188
5 0.994453 0.153556 0.0109686 0.108308
4 0.956003 0.562416 0.0206102 0.0361257
5 0.994203 0.182788 0.0115942 0.171234
4 0.958682 0.56231 0.0257376 0.0415033
