3 0.802029 0.607334 0.0839687 0.142038
3 0.837771 0.914032 0.0982271 0.161567
3 0.687384 0.476528 0.0790653 0.15481
3 0.592115 0.564574 0.0606512 0.124347
3 0.793598 0.448047 0.0697981 0.119236
3 0.256574 0.443899 0.0158983 0.0322075
3 0.324288 0.387809 0.0177274 0.035209
3 0.618113 0.429238 0.0515154 0.100056
3 0.465704 0.546526 0.0244533 0.0538926
3 0.387588 0.422024 0.0176103 0.0375861
3 0.331801 0.426085 0.0231734 0.0393081
3 0.545568 0.502578 0.0197674 0.0418206
3 0.365803 0.389438 0.0222792 0.036778
4 0.501388 0.790893 0.0214869 0.0669843
5 0.845367 0.331536 0.012254 0.07557
0 0.500796 0.836019 0.14643 0.185952
3 0.350588 0.419136 0.0167959 0.0380756
5 0.817074 0.328676 0.0141743 0.0803858
5 0.655522 0.332795 0.0115223 0.0835035
5 0.592657 0.337722 0.0115481 0.071073
5 0.723787 0.333746 0.0146997 0.0991055
5 0.793332 0.336438 0.00904198 0.0592077
5 0.578764 0.339031 0.0113001 0.0667265
6 0.597767 0.510346 0.0448214 0.0639684
3 0.379903 0.387133 0.0179789 0.0321491
7 0.603104 0.638783 0.0379791 0.0583733
6 0.602315 0.522002 0.0377609 0.0595558
6 0.779453 0.556212 0.0464577 0.0571084
7 0.635476 0.58187 0.0213355 0.0514573
5 0.683279 0.34287 0.00957947 0.0558091
6 0.583945 0.493437 0.0186348 0.0338414
4 0.525109 0.566411 0.0146375 0.0389267
