6 0.633028 0.542784 0.050054 0.101071
6 0.346343 0.545592 0.0548558 0.105158
6 0.342213 0.601663 0.0705151 0.090182
3 0.49746 0.585039 0.0984528 0.171857
3 0.354069 0.0350345 0.0507803 0.0650579
3 0.625415 0.686781 0.0865845 0.16059
3 0.663707 0.0369875 0.0500698 0.0691515
6 0.592988 0.511909 0.056487 0.0851893
3 0.730708 0.037658 0.0497332 0.0725752
3 0.185301 0.0361418 0.0511806 0.0700907
3 0.0215289 0.0347691 0.0428435 0.0618624
4 0.639616 0.843011 0.0513168 0.0962163
4 0.44319 0.919753 0.07953 0.0427434
4 0.378053 0.219192 0.0194781 0.0237327
7 0.37751 0.790301 0.0739439 0.0884769
0 0.115316 0.342252 0.0809122 0.0345359
3 0.0114613 0.383828 0.0228397 0.0869588
7 0.40351 0.207839 0.0247696 0.0414875
4 0.586276 0.207333 0.0131655 0.0386733
3 0.405601 0.177708 0.0213969 0.0210988
6 0.396237 0.510693 0.0306537 0.0726117
6 0.397031 0.656719 0.0304398 0.0825631
0 0.11534 0.341501 0.0790042 0.0240586
