3 0.851179 0.341426 0.122168 0.205607
3 0.856799 0.512418 0.105337 0.161564
7 0.831549 0.61802 0.060969 0.0951336
4 0.791443 0.706565 0.0641561 0.0934699
6 0.877215 0.4396 0.0649063 0.100328
7 0.878143 0.645046 0.0669582 0.103705
3 0.978635 0.330512 0.0427307 0.159715
5 0.848188 0.130833 0.0196373 0.135603
5 0.99279 0.123621 0.0144199 0.197399
3 0.985917 0.574118 0.028166 0.229066
5 0.968175 0.164082 0.0171928 0.102651
7 0.894769 0.593428 0.0255692 0.0472895
4 0.931809 0.568274 0.0216637 0.0360175
5 0.808599 0.151503 0.0269219 0.128845
4 0.65969 0.828745 0.05238 0.0893416
5 0.864376 0.157121 0.0164772 0.0917491
5 0.805342 0.144191 0.0222288 0.121075
7 0.982418 0.665316 0.0174362 0.0872625
0 0.631894 0.750688 0.255615 0.189705
5 0.812841 0.153499 0.0212872 0.111906
