3 0.811759 0.65143 0.216709 0.36168
3 0.225262 0.668014 0.230478 0.39644
3 0.515706 0.827881 0.116623 0.276215
5 0.93132 0.270535 0.0491726 0.234969
5 0.753807 0.297348 0.0279044 0.184934
5 0.0961889 0.269012 0.0483346 0.251889
5 0.455358 0.306194 0.0213175 0.14435
5 0.270422 0.294958 0.028301 0.185364
5 0.566396 0.30916 0.0203121 0.14894
6 0.701287 0.797328 0.0435236 0.122036
4 0.395744 0.654326 0.0318958 0.0306542
6 0.874833 0.868829 0.0583841 0.174319
6 0.161862 0.902161 0.0761341 0.184594
6 0.333219 0.824139 0.0458408 0.12542
