3 0.271756 0.343313 0.108909 0.182762
3 0.248593 0.507317 0.0900049 0.143133
4 0.398901 0.427091 0.0448478 0.124979
4 0.378783 0.706283 0.0861904 0.0597541
4 0.282617 0.169223 0.0567085 0.1615
7 0.517311 0.581596 0.0534201 0.0801142
4 0.19776 0.674374 0.0626755 0.0788803
3 0.885931 0.238122 0.0559946 0.0793454
4 0.544292 0.644155 0.0396852 0.126075
3 0.764886 0.258369 0.0483476 0.0769024
4 0.296816 0.600373 0.0744175 0.119311
4 0.476662 0.600088 0.0519106 0.107361
4 0.548621 0.418355 0.0694615 0.0758311
4 0.454714 0.273246 0.0338612 0.0984498
6 0.302267 0.418679 0.0477919 0.0814516
3 0.838773 0.484619 0.0263557 0.0453765
7 0.25508 0.598575 0.0446178 0.0652193
3 0.75101 0.481924 0.0282758 0.0489966
3 0.992956 0.226382 0.0131287 0.0808773
5 0.221264 0.157357 0.0159185 0.0876731
6 0.44299 0.439715 0.0265541 0.0590478
7 0.393425 0.602946 0.0251132 0.0847275
4 0.323136 0.213366 0.0261125 0.0946804
5 0.404366 0.156816 0.0159721 0.139213
5 0.4862 0.166921 0.0137383 0.116507
5 0.504611 0.249807 0.00866566 0.068423
4 0.521311 0.623005 0.0282434 0.0537627
5 0.210611 0.210596 0.0264475 0.116073
7 0.442788 0.557108 0.021974 0.0621682
5 0.208518 0.200723 0.0171508 0.09122
5 0.372021 0.262215 0.0109137 0.0810967
5 0.548028 0.202848 0.014169 0.103338
4 0.496601 0.438053 0.0379195 0.0769682
6 0.237343 0.428459 0.0562891 0.0783669
5 0.50358 0.263007 0.0137013 0.0943284
5 0.240992 0.208824 0.0120831 0.0618214
6 0.469254 0.429755 0.0284344 0.0699454
5 0.838874 0.38634 0.0117771 0.0471825
5 0.532345 0.231308 0.0468813 0.163905
