3 0.71777 0.554737 0.0635908 0.109855
3 0.353093 0.591996 0.0360896 0.0632465
3 0.956989 0.607744 0.0854746 0.146293
0 0.499943 0.75593 0.160741 0.364039
3 0.829326 0.472276 0.091069 0.142701
3 0.958286 0.444864 0.0834261 0.149603
3 0.529302 0.539874 0.0264526 0.0497783
3 0.587347 0.276406 0.022832 0.0430172
3 0.744627 0.435013 0.0565277 0.0982714
4 0.292855 0.646056 0.0281027 0.0327864
5 0.706927 0.343479 0.00981185 0.0584601
5 0.723111 0.341973 0.0125076 0.0612411
6 0.714548 0.488324 0.030653 0.0369426
