3 0.947007 0.516171 0.105985 0.196118
3 0.256772 0.796694 0.0974632 0.163302
3 0.341943 0.604617 0.0491623 0.0867133
3 0.772086 0.615935 0.0906957 0.141688
4 0.343918 0.676804 0.0180535 0.059619
4 0.264466 0.914092 0.034113 0.107029
3 0.766372 0.453789 0.0719275 0.11655
6 0.899059 0.600078 0.042831 0.0829264
0 0.498757 0.754763 0.160841 0.366033
3 0.860121 0.561732 0.0663574 0.113017
5 0.928227 0.327672 0.0220795 0.0986158
5 0.747064 0.337142 0.0154774 0.0781747
5 0.901749 0.340632 0.0110401 0.06302
7 0.793793 0.708209 0.0515415 0.0754142
5 0.791895 0.332169 0.0141083 0.0917
5 0.771326 0.341847 0.0111582 0.0630059
6 0.802092 0.56316 0.047072 0.0797796
5 0.839505 0.339274 0.0120201 0.0593005
