3 0.664746 0.740974 0.0630926 0.112112
3 0.856593 0.413539 0.0376888 0.0390135
3 0.0492376 0.517629 0.0680732 0.0896487
3 0.30004 0.539769 0.0283604 0.0489677
3 0.759819 0.412757 0.0388134 0.0451216
3 0.387007 0.698015 0.0552567 0.0973919
3 0.0680358 0.439894 0.0722799 0.103823
3 0.733489 0.451079 0.0269268 0.0476411
3 0.813127 0.459055 0.0346941 0.0553226
4 0.961654 0.557122 0.0254221 0.0157739
3 0.00693153 0.569863 0.0137923 0.090242
4 0.272695 0.538895 0.0192858 0.0143797
4 0.994085 0.668311 0.0118303 0.0285848
6 0.733642 0.430051 0.0232769 0.0267109
4 0.239887 0.542315 0.0239291 0.0196364
5 0.0830472 0.345104 0.0103212 0.0560559
