3 0.392725 0.732745 0.0633802 0.117529
3 0.607494 0.460192 0.0139042 0.0300469
3 0.894617 0.550138 0.0757166 0.108973
3 0.787198 0.434864 0.0632852 0.100446
3 0.627048 0.383316 0.015093 0.0271837
3 0.964492 0.437674 0.0690834 0.0988719
3 0.660585 0.38576 0.0181204 0.0303814
3 0.746968 0.500421 0.0490709 0.0851205
3 0.681088 0.413721 0.0171389 0.028762
6 0.805918 0.491847 0.029236 0.0521413
3 0.88828 0.492394 0.0559322 0.0527249
6 0.749166 0.468186 0.0319239 0.0486006
5 0.982503 0.34348 0.0115009 0.052733
4 0.439942 0.589569 0.0229909 0.0289042
7 0.801203 0.586976 0.0239769 0.04256
7 0.862002 0.595582 0.0271902 0.0399546
3 0.636015 0.414162 0.0250006 0.0331295
3 0.576352 0.424464 0.0130003 0.0218769
5 0.945021 0.343664 0.0115301 0.0567716
5 0.763385 0.345898 0.00954456 0.0541606
5 0.804211 0.344772 0.0095499 0.0569013
6 0.868828 0.498869 0.0281155 0.0483806
3 0.642063 0.413062 0.0240055 0.0326079
5 0.8885 0.342724 0.0129257 0.0648797
6 0.952801 0.489437 0.0400661 0.0363432
7 0.753486 0.559179 0.0403886 0.0516447
7 0.748439 0.550855 0.0342737 0.0499739
6 0.870667 0.463742 0.0225517 0.0338793
5 0.786697 0.347934 0.00740356 0.0472772
5 0.929365 0.345893 0.00891533 0.0507247
0 0.500308 0.795905 0.162093 0.293425
5 0.984936 0.346915 0.0131121 0.0583348
7 0.76248 0.562602 0.0267212 0.0475523
5 0.739643 0.346877 0.00843213 0.0477629
