3 0.406555 0.362323 0.149828 0.258203
3 0.636464 0.600726 0.139844 0.245146
4 0.872297 0.853779 0.0738407 0.201127
7 0.462324 0.720609 0.0437189 0.0895838
4 0.254565 0.523769 0.13552 0.143977
3 0.699022 0.336554 0.115938 0.201101
3 0.86563 0.242592 0.0413685 0.0742523
6 0.462781 0.481899 0.045603 0.0968216
7 0.589392 0.716632 0.0568104 0.0884369
3 0.983695 0.345685 0.0314688 0.0554384
3 0.322721 0.55673 0.0672206 0.188821
3 0.867878 0.315836 0.0322708 0.0619624
6 0.593622 0.479063 0.0577974 0.0982111
5 0.33222 0.0974068 0.0219366 0.13701
5 0.444851 0.0923818 0.0201408 0.148368
3 0.570089 0.501631 0.106369 0.172252
7 0.360864 0.704353 0.0529053 0.0853929
7 0.428847 0.573567 0.0386068 0.100091
5 0.258201 0.105069 0.0234262 0.119591
5 0.744488 0.116165 0.0145538 0.111368
5 0.624498 0.109257 0.0257605 0.159034
5 0.712348 0.110451 0.0181105 0.136589
6 0.681235 0.446928 0.0430233 0.0592909
5 0.537017 0.131732 0.015128 0.096836
6 0.527054 0.390029 0.0244929 0.0791326
6 0.605313 0.398194 0.0241369 0.0839083
5 0.413227 0.130233 0.0158959 0.0977929
3 0.744332 0.242719 0.0379847 0.057377
7 0.365203 0.60987 0.0212529 0.0725215
6 0.354873 0.467939 0.0531405 0.095101
7 0.323248 0.677417 0.0295113 0.0558517
