3 0.0201533 0.944185 0.0403066 0.105273
3 0.233431 0.573227 0.035671 0.0636914
3 0.637144 0.550176 0.0572236 0.104617
3 0.544708 0.44136 0.0575573 0.102262
3 0.516737 0.503352 0.0423668 0.0775653
3 0.681956 0.434349 0.0506271 0.0967812
3 0.436635 0.414688 0.0179796 0.0323607
5 0.693852 0.342801 0.0102754 0.0580833
3 0.635266 0.485135 0.0398941 0.0501046
4 0.335738 0.531373 0.0165478 0.0164121
3 0.461147 0.384849 0.0161505 0.0331315
4 0.196658 0.633139 0.0182661 0.0292969
1 0.498596 0.833282 0.142998 0.19607
3 0.321516 0.451949 0.0153524 0.0310698
6 0.566186 0.500954 0.0286282 0.0534719
3 0.489896 0.437899 0.0137361 0.0301317
5 0.50697 0.342731 0.00832329 0.0577737
3 0.434383 0.38257 0.0174553 0.032422
4 0.496418 0.784124 0.0194517 0.0722698
3 0.422262 0.465337 0.0180119 0.0305242
5 0.668524 0.339945 0.00941862 0.0632155
4 0.177786 0.653323 0.0271076 0.0400292
5 0.661148 0.342196 0.00909367 0.0634057
5 0.55456 0.343502 0.0100193 0.0640627
3 0.569778 0.416203 0.0285962 0.0713328
5 0.659152 0.343876 0.00888049 0.0534407
5 0.520589 0.342172 0.00939255 0.0599757
4 0.160746 0.656089 0.0161108 0.0216411
5 0.691171 0.344843 0.0105155 0.0649482
7 0.562725 0.599784 0.0214556 0.0397848
5 0.625765 0.340404 0.0128273 0.0684998
5 0.579595 0.345236 0.00908089 0.0498348
6 0.522077 0.500033 0.0378247 0.0754147
3 0.433172 0.37926 0.0148054 0.0291968
7 0.613822 0.602787 0.0202219 0.0407306
3 0.4777 0.414307 0.0144395 0.0316165
