3 0.512236 0.883944 0.114865 0.202827
3 0.651329 0.920345 0.103688 0.159311
3 0.365337 0.923 0.102233 0.154
3 0.387983 0.666789 0.0806916 0.134018
3 0.505609 0.73386 0.0583664 0.120666
3 0.628188 0.67321 0.0942282 0.138524
5 0.672093 0.536766 0.0135365 0.0856917
5 0.338804 0.54621 0.0176279 0.100396
5 0.460535 0.716329 0.0172483 0.128954
5 0.700978 0.605647 0.0159666 0.10159
6 0.354068 0.833942 0.0630985 0.0705709
5 0.623872 0.51046 0.0164784 0.0967637
5 0.562927 0.718957 0.0198933 0.130513
5 0.388466 0.457504 0.0200648 0.18037
5 0.386896 0.506152 0.0177008 0.0871722
5 0.313964 0.607216 0.0170528 0.0938433
5 0.674973 0.655206 0.0161481 0.106438
6 0.661947 0.825209 0.0569648 0.0604835
6 0.383328 0.890038 0.0628634 0.0744748
5 0.535009 0.506453 0.0142597 0.131206
6 0.635799 0.88476 0.0682071 0.0827386
5 0.316179 0.60893 0.0227625 0.10728
5 0.59503 0.527561 0.0234812 0.106819
