3 0.180962 0.486435 0.101813 0.158659
3 0.337843 0.597436 0.0763825 0.13071
3 0.114191 0.598626 0.0823357 0.130261
3 0.365315 0.446548 0.0679584 0.11221
3 0.304687 0.528104 0.056567 0.0947354
3 0.529651 0.58561 0.0336269 0.0607752
7 0.381749 0.604188 0.0213351 0.042641
6 0.2233 0.561808 0.0377889 0.0686269
3 0.191195 0.590737 0.0474232 0.0644979
0 0.499272 0.75658 0.162606 0.363975
5 0.198864 0.330982 0.0163132 0.0880981
5 0.38562 0.341615 0.00990868 0.0596558
7 0.232636 0.699139 0.0375578 0.0454703
5 0.153609 0.339205 0.0108403 0.0606801
5 0.124902 0.331526 0.0179802 0.0895284
5 0.321031 0.347015 0.0125672 0.0590657
6 0.376911 0.504653 0.0279052 0.0504932
5 0.365092 0.340361 0.0147781 0.0652676
5 0.0917578 0.3368 0.012779 0.0772447
5 0.279544 0.343279 0.0100028 0.0531496
5 0.0766629 0.334277 0.0164763 0.0830439
7 0.127919 0.672903 0.0521861 0.0485352
6 0.155669 0.557813 0.046498 0.0611056
6 0.118901 0.546359 0.0586904 0.0642031
7 0.166619 0.691028 0.0483773 0.0577491
7 0.3117 0.672657 0.0354306 0.0567342
