3 0.296867 0.339927 0.112344 0.18975
4 0.421761 0.715286 0.0858852 0.070007
4 0.567137 0.416049 0.0714314 0.0630251
4 0.328679 0.605156 0.0669046 0.120312
4 0.207569 0.687544 0.0735451 0.0788587
4 0.320671 0.156349 0.0522338 0.171463
3 0.943064 0.243128 0.0581112 0.0816156
3 0.247542 0.504936 0.0950433 0.147676
3 0.822438 0.254909 0.0519474 0.0759635
4 0.438756 0.42697 0.0586802 0.12471
3 0.710976 0.269009 0.0454195 0.0720994
4 0.448051 0.268567 0.0273154 0.0940731
6 0.334617 0.418708 0.046526 0.0926368
7 0.267094 0.597933 0.0490599 0.080807
7 0.433084 0.594396 0.0370939 0.0988698
3 0.662949 0.440021 0.0259398 0.0509593
5 0.240492 0.145374 0.0187737 0.117245
5 0.447008 0.145457 0.015209 0.134166
5 0.210129 0.182523 0.0158427 0.0988888
5 0.21006 0.188165 0.020364 0.111328
3 0.673579 0.482378 0.0255745 0.0408169
4 0.576472 0.64647 0.0359381 0.124247
7 0.23214 0.582811 0.0359715 0.0690904
6 0.253683 0.432358 0.04265 0.0734317
6 0.503371 0.432534 0.0388901 0.0838436
4 0.507853 0.598477 0.0590513 0.101547
6 0.364604 0.432472 0.0222667 0.0803388
5 0.444748 0.143605 0.0226492 0.157038
7 0.55019 0.56842 0.0225296 0.0431805
7 0.239617 0.590478 0.0502548 0.0821405
5 0.211182 0.195854 0.0279066 0.129186
7 0.253403 0.594053 0.0705763 0.0840035
5 0.23181 0.209107 0.0147137 0.0849093
