3 0.483176 0.422387 0.0436378 0.0843408
3 0.36096 0.422323 0.0464885 0.0902771
3 0.949495 0.775569 0.0846409 0.131588
3 0.417721 0.515076 0.0482549 0.0910386
3 0.583497 0.463729 0.0194384 0.0403557
3 0.484844 0.485714 0.0384212 0.0665169
3 0.380723 0.482786 0.0414348 0.0718785
3 0.435641 0.41126 0.033634 0.0660217
4 0.498079 0.798862 0.0272034 0.0769076
4 0.6009 0.518303 0.0149328 0.0228153
5 0.482187 0.34615 0.00879326 0.0562537
5 0.396517 0.342315 0.0113392 0.0569496
5 0.432442 0.342318 0.00909443 0.0537631
5 0.383293 0.347496 0.0079915 0.0460605
3 0.583229 0.453487 0.0193123 0.0409311
7 0.365366 0.543652 0.029253 0.0471698
