3 0.0843867 0.593016 0.0896349 0.132896
3 0.014216 0.720905 0.028432 0.10006
4 0.212578 0.848438 0.0623415 0.0735848
3 0.0593355 0.451962 0.0829629 0.116106
3 0.248639 0.420827 0.046305 0.0755637
3 0.211088 0.459538 0.0745615 0.124205
3 0.287472 0.534886 0.0528193 0.102681
3 0.497171 0.517191 0.0241873 0.0432925
3 0.443246 0.414737 0.0177454 0.0360517
3 0.159178 0.525444 0.0400222 0.0937219
7 0.121133 0.657144 0.0452639 0.0501002
4 0.500806 0.794207 0.0206945 0.0751017
3 0.488268 0.415969 0.0198554 0.0340966
6 0.277211 0.497182 0.0341074 0.0549941
3 0.494641 0.382579 0.0131208 0.0301076
3 0.421153 0.457804 0.0130453 0.0295424
3 0.45866 0.382581 0.0185183 0.0294493
5 0.0750111 0.336237 0.0189716 0.0908718
5 0.177142 0.342816 0.014825 0.0861298
3 0.395925 0.455503 0.0114452 0.0289665
5 0.025447 0.341085 0.0226557 0.0897138
5 0.0529613 0.343338 0.0144975 0.076456
0 0.499772 0.833991 0.146522 0.190247
5 0.0323402 0.342759 0.0370455 0.0934152
5 0.23742 0.340582 0.0118076 0.0706919
6 0.185458 0.533317 0.0165368 0.0710914
5 0.288522 0.341218 0.0118731 0.0668546
6 0.110862 0.532682 0.0429558 0.0560903
6 0.055531 0.512484 0.0399589 0.0433179
5 0.122418 0.341543 0.0114346 0.057992
7 0.190558 0.642484 0.0155549 0.0496692
7 0.24606 0.620268 0.0171304 0.04581
6 0.238381 0.522423 0.0233972 0.069944
7 0.188684 0.638499 0.0149328 0.0520577
6 0.279326 0.489958 0.037291 0.0617174
5 0.263712 0.344901 0.00950823 0.0596651
