3 0.406896 0.362038 0.1496 0.258113
3 0.63749 0.608088 0.143648 0.230324
4 0.886494 0.872256 0.0707779 0.201293
7 0.4625 0.720334 0.0458119 0.0908608
4 0.247956 0.49306 0.133512 0.131585
3 0.319135 0.551735 0.0765075 0.207033
6 0.46312 0.48172 0.0463276 0.0983478
3 0.698964 0.337013 0.117716 0.201175
3 0.98403 0.345575 0.0310846 0.0555734
7 0.590509 0.715933 0.058091 0.0870904
6 0.594407 0.477886 0.0561666 0.0963825
3 0.570089 0.500935 0.10588 0.172292
5 0.332278 0.0964193 0.0222981 0.138684
3 0.873082 0.240557 0.0260408 0.0682467
7 0.429258 0.573095 0.037962 0.0995273
5 0.444952 0.0933551 0.0207245 0.150174
5 0.744744 0.118087 0.0145897 0.112299
7 0.361795 0.705566 0.0506435 0.080732
5 0.712636 0.110282 0.0181862 0.136406
5 0.258124 0.106511 0.0245311 0.122106
5 0.624912 0.109016 0.0263528 0.160013
5 0.536975 0.132885 0.015351 0.0971291
6 0.605524 0.397757 0.0245461 0.0800563
6 0.527427 0.389895 0.0233986 0.0814875
7 0.315847 0.675203 0.0372044 0.053497
5 0.413292 0.129308 0.0161833 0.0971621
3 0.878721 0.308071 0.0158314 0.0495243
3 0.74426 0.239479 0.0404505 0.0576632
6 0.356141 0.465331 0.0491235 0.0873255
7 0.365509 0.608071 0.0206671 0.0731038
6 0.68513 0.443033 0.0495478 0.0593789
6 0.312057 0.442972 0.0530718 0.104915
