3 0.909386 0.623701 0.105956 0.154968
3 0.639194 0.562192 0.0305868 0.061232
3 0.833601 0.454287 0.0718453 0.126377
4 0.189264 0.880066 0.0410237 0.0718966
1 0.500788 0.725854 0.145142 0.405901
4 0.497298 0.794858 0.0217348 0.0667412
5 0.965261 0.33769 0.0193974 0.112819
5 0.883658 0.339248 0.0152027 0.0878757
3 0.889151 0.528977 0.0621424 0.0748959
5 0.864716 0.341794 0.0103466 0.0673745
5 0.826082 0.338709 0.0125681 0.0736639
3 0.991647 0.450813 0.0167053 0.110393
5 0.912501 0.336317 0.0103918 0.0662905
