3 0.245302 0.76526 0.0893179 0.14902
3 0.884778 0.565765 0.0781368 0.115105
3 0.380943 0.596267 0.047166 0.0844252
3 0.437122 0.52683 0.0321824 0.0577026
3 0.690123 0.5256 0.0535137 0.0930856
3 0.774366 0.452548 0.069818 0.117024
4 0.252308 0.877258 0.0319252 0.101179
3 0.717199 0.424387 0.0491691 0.0816003
3 0.890517 0.438836 0.0699535 0.105421
4 0.383556 0.665307 0.0162675 0.0621928
0 0.49712 0.759864 0.164082 0.373674
7 0.699059 0.584362 0.0345087 0.0500159
6 0.903628 0.498352 0.0320759 0.039841
7 0.85585 0.626047 0.0484089 0.0388134
5 0.688247 0.344489 0.0105289 0.0528173
6 0.687808 0.471366 0.0289726 0.0326843
6 0.692717 0.47596 0.0328025 0.0432493
3 0.798876 0.512682 0.035994 0.068889
5 0.68037 0.34445 0.00860195 0.0483882
6 0.701267 0.485493 0.0291819 0.0501505
4 0.437651 0.575666 0.0143521 0.0423357
5 0.786235 0.346278 0.00782242 0.0473338
5 0.690517 0.345027 0.0102371 0.0504747
6 0.693239 0.484427 0.0427453 0.0518631
6 0.866611 0.513512 0.0414305 0.0491673
