3 0.787462 0.558902 0.0686996 0.111687
3 0.89924 0.448646 0.0759451 0.11297
3 0.293513 0.66076 0.0492698 0.0917763
3 0.662364 0.693555 0.0503902 0.100186
3 0.709302 0.430138 0.0578259 0.0990524
3 0.874734 0.534355 0.0637442 0.101228
3 0.71628 0.503426 0.0484354 0.0715106
3 0.627696 0.463286 0.0160187 0.0312488
3 0.795234 0.426069 0.0401349 0.089564
3 0.831472 0.423056 0.0204313 0.0390608
3 0.463541 0.640528 0.0410303 0.0865212
5 0.88338 0.339683 0.0109394 0.0523759
7 0.862392 0.621642 0.0426403 0.0421938
1 0.500039 0.832864 0.144959 0.1934
5 0.6944 0.344856 0.00886205 0.0600184
5 0.707796 0.342467 0.011681 0.0612862
5 0.93071 0.342643 0.0160187 0.0775753
5 0.908382 0.342618 0.0163094 0.0770643
5 0.821169 0.35064 0.0117146 0.0754661
5 0.768822 0.348669 0.0111362 0.0878495
5 0.769454 0.349605 0.017861 0.0884797
3 0.831328 0.387897 0.0200048 0.0283707
7 0.888183 0.579266 0.0313126 0.0366938
7 0.703651 0.569295 0.0281256 0.0526081
5 0.728479 0.340387 0.00838648 0.0504225
6 0.813847 0.510131 0.0154346 0.0515338
5 0.826724 0.337984 0.0150944 0.0714413
6 0.874146 0.532808 0.0597065 0.0957355
