3 0.125864 0.761029 0.0943026 0.143286
3 0.814111 0.815612 0.104745 0.173454
3 0.449054 0.788566 0.0787319 0.164913
3 0.493312 0.49103 0.0379345 0.0708093
3 0.549474 0.410744 0.0390995 0.0691627
3 0.387596 0.490389 0.020469 0.0393165
3 0.444375 0.410715 0.0362812 0.0683577
3 0.549565 0.469787 0.0340091 0.0522511
3 0.457727 0.464872 0.0327646 0.0536254
4 0.136274 0.869098 0.0328283 0.0960717
4 0.49969 0.785764 0.0222748 0.0827149
3 0.506649 0.405077 0.0290148 0.0609322
5 0.442877 0.347959 0.00616684 0.0429473
5 0.512395 0.344924 0.00684814 0.0487863
5 0.459162 0.34669 0.00878544 0.0389514
5 0.478863 0.344654 0.0080533 0.0410722
5 0.433816 0.348757 0.00786324 0.0446572
7 0.550965 0.509507 0.026893 0.0370314
