4 0.198522 0.844392 0.0520114 0.0892082
3 0.320804 0.491058 0.0204515 0.0396034
3 0.75697 0.526664 0.0281574 0.0517297
3 0.665353 0.504011 0.0455584 0.078562
3 0.594246 0.425159 0.0419823 0.0812527
3 0.351237 0.502902 0.0223246 0.0417421
3 0.684743 0.416815 0.0404419 0.072607
4 0.316422 0.6809 0.029355 0.0411229
3 0.443569 0.411462 0.0163816 0.0296348
3 0.554417 0.48385 0.0353523 0.0704656
3 0.638307 0.472043 0.0326942 0.0633665
3 0.303422 0.448031 0.0200474 0.0316043
3 0.427586 0.384974 0.0196683 0.0338313
3 0.400627 0.41143 0.017823 0.0295632
4 0.700507 0.541706 0.0228424 0.0242797
5 0.663205 0.343726 0.00948944 0.0548365
3 0.39612 0.382148 0.0168881 0.0322824
1 0.501294 0.725214 0.146968 0.413153
7 0.648382 0.546951 0.0204052 0.0421572
3 0.555664 0.494697 0.0323784 0.0605132
5 0.570421 0.348386 0.0078371 0.0442177
3 0.428784 0.380317 0.0247932 0.032727
6 0.610452 0.46938 0.0145006 0.0432654
5 0.690035 0.34311 0.00878919 0.0503503
