3 0.664972 0.530877 0.0531948 0.0953123
3 0.529034 0.507701 0.0404709 0.0816182
3 0.586624 0.437343 0.0509174 0.0994503
3 0.673415 0.42332 0.0467686 0.0865771
4 0.0496921 0.775775 0.0469215 0.0619567
3 0.551308 0.414906 0.0344373 0.0682121
3 0.617023 0.489745 0.0350694 0.0748179
4 0.176429 0.649451 0.0252149 0.0381978
5 0.692105 0.343209 0.00908012 0.0585256
5 0.562777 0.341056 0.010383 0.061483
7 0.645052 0.583232 0.0273406 0.0382558
6 0.533294 0.467717 0.0304278 0.0451316
5 0.536691 0.344042 0.0104372 0.0520554
5 0.605035 0.343563 0.00869382 0.0645213
6 0.538283 0.468312 0.0250243 0.0466423
5 0.523102 0.343126 0.0117647 0.0503426
6 0.650574 0.488501 0.0265631 0.051583
6 0.567389 0.485092 0.0184023 0.0462332
5 0.667166 0.339792 0.00971279 0.0535355
5 0.635302 0.348623 0.00828934 0.0495868
5 0.690574 0.341337 0.00965405 0.0587921
7 0.562429 0.574545 0.0187465 0.0423134
5 0.665167 0.340223 0.00932312 0.0580291
6 0.679857 0.470692 0.02579 0.034217
