3 0.341527 0.798742 0.0852809 0.171709
3 0.391144 0.957885 0.105122 0.0760342
3 0.59099 0.41091 0.0163774 0.0308525
3 0.836191 0.529735 0.0614456 0.0956456
3 0.883416 0.428588 0.0596584 0.0896414
3 0.744659 0.427109 0.0539726 0.092111
3 0.54174 0.424145 0.0111191 0.026121
3 0.708339 0.490508 0.0402864 0.0791638
1 0.49982 0.834901 0.143838 0.185721
3 0.617225 0.383984 0.0186846 0.0323476
4 0.497735 0.795037 0.0213291 0.067723
3 0.820222 0.478616 0.0327961 0.0496148
6 0.713015 0.460803 0.0313643 0.0490182
7 0.7128 0.542074 0.037292 0.0495786
6 0.762132 0.478528 0.0191378 0.0492837
5 0.73678 0.347243 0.00880496 0.0542542
5 0.761209 0.342401 0.00990632 0.0652757
7 0.808996 0.574953 0.0216356 0.0392993
5 0.832172 0.341215 0.0102322 0.057252
5 0.706067 0.344265 0.00997486 0.0477854
3 0.636458 0.417536 0.0173189 0.031738
5 0.904019 0.343524 0.0107798 0.0540819
5 0.82033 0.342885 0.00842285 0.0465946
5 0.759195 0.343952 0.00888996 0.0609411
5 0.856023 0.342265 0.00842094 0.0442412
3 0.586889 0.376611 0.0124683 0.0282394
7 0.758567 0.56978 0.0177542 0.0409994
3 0.589725 0.378793 0.0148626 0.0294111
6 0.289884 0.931859 0.0650396 0.128376
5 0.876802 0.343498 0.012154 0.0604175
6 0.875624 0.479245 0.0387243 0.0371278
3 0.606302 0.40944 0.0134996 0.0300148
7 0.8538 0.57228 0.0327229 0.034226
6 0.728519 0.4811 0.0172949 0.0490964
7 0.856263 0.568664 0.0273144 0.034534
