3 0.679343 0.737993 0.060343 0.118957
3 0.172285 0.567345 0.070794 0.11782
3 0.364075 0.56022 0.0316464 0.0605616
3 0.0325835 0.471398 0.0651669 0.15401
3 0.44158 0.648373 0.0413399 0.0872804
3 0.197777 0.437352 0.0515039 0.0998048
3 0.581258 0.424312 0.0221577 0.0409602
3 0.634438 0.429219 0.0198552 0.0433466
3 0.469282 0.49747 0.0219491 0.0440113
3 0.599206 0.390776 0.0226674 0.0399105
3 0.648188 0.390763 0.0196285 0.0376838
4 0.5007 0.797479 0.021419 0.0763757
5 0.207537 0.343566 0.0104107 0.066916
7 0.148567 0.639942 0.0309181 0.0543637
5 0.0343977 0.334081 0.0223701 0.0879426
3 0.123966 0.525646 0.0481933 0.094121
5 0.14508 0.343712 0.0159166 0.0914874
5 0.188867 0.341717 0.0135236 0.0746593
7 0.010454 0.685438 0.0208624 0.0351239
7 0.040567 0.595423 0.0283468 0.051738
5 0.00772108 0.337385 0.013413 0.0592406
7 0.0731558 0.664381 0.0312016 0.0390255
6 0.0595586 0.539115 0.0312703 0.060614
6 0.199329 0.490143 0.0336321 0.0396877
5 0.144773 0.354606 0.0184902 0.113967
3 0.601598 0.390025 0.0269169 0.0479653
6 0.141778 0.522137 0.0291407 0.0613566
5 0.0939223 0.345153 0.0113965 0.0615923
