3 0.484397 0.469683 0.0327761 0.0575444
3 0.427611 0.489484 0.0206786 0.035544
3 0.582482 0.479641 0.0363314 0.0634748
3 0.380426 0.485057 0.0186091 0.0341931
3 0.554363 0.45659 0.0200941 0.0522493
3 0.362511 0.471269 0.0156303 0.0303493
3 0.517596 0.435037 0.0294955 0.0278046
4 0.164762 0.622225 0.014813 0.027448
5 0.514209 0.350131 0.00690193 0.044006
4 0.204558 0.464076 0.0150165 0.0120264
5 0.533838 0.350865 0.00691535 0.0415451
3 0.343029 0.379037 0.0179073 0.0159741
5 0.515992 0.351008 0.00756435 0.0361016
3 0.304376 0.37756 0.0171627 0.0138272
7 0.489605 0.506307 0.0247436 0.0286641
5 0.578653 0.3517 0.00856253 0.0384936
6 0.484762 0.466802 0.0306504 0.05617
5 0.478046 0.35025 0.00852442 0.0356371
3 0.337082 0.378527 0.0162745 0.0132618
