3 0.898555 0.597651 0.202891 0.293166
5 0.189911 0.264789 0.046623 0.235034
3 0.411864 0.562979 0.146332 0.255278
5 0.106276 0.209528 0.0852221 0.400409
5 0.855912 0.308788 0.0289272 0.146075
3 0.0203287 0.412361 0.0403072 0.0630179
6 0.295139 0.886192 0.169223 0.160612
5 0.433925 0.314299 0.0184834 0.128925
5 0.674277 0.321594 0.0186468 0.123761
3 0.0891156 0.452163 0.0210438 0.0414839
5 0.574156 0.321237 0.0180426 0.115218
5 0.337912 0.308228 0.0251496 0.16058
3 0.0830912 0.452838 0.0323246 0.0413988
6 0.475143 0.704285 0.0381985 0.0932965
6 0.950729 0.797236 0.0774826 0.173612
7 0.793296 0.92824 0.069055 0.134275
3 0.0120109 0.454725 0.0220584 0.0439258
3 0.624002 0.73348 0.106058 0.20602
3 0.282803 0.96639 0.186583 0.0672194
6 0.795491 0.726059 0.0487975 0.0944953
