3 0.1591 0.543712 0.0413356 0.0692793
3 0.312294 0.510299 0.0329802 0.0571036
3 0.473216 0.438599 0.0559918 0.108551
3 0.384624 0.542576 0.0563709 0.104941
3 0.346468 0.429375 0.0525929 0.0951307
3 0.392383 0.48382 0.0406675 0.0592363
4 0.313729 0.557789 0.0152225 0.0431318
3 0.502498 0.503267 0.0439928 0.0747833
4 0.162127 0.598475 0.015789 0.0524688
3 0.423944 0.488569 0.0225941 0.0495849
5 0.355431 0.340329 0.00984993 0.0632069
5 0.461092 0.336846 0.00916977 0.0583652
5 0.332252 0.340298 0.0101203 0.05114
7 0.408245 0.596686 0.020736 0.0446902
5 0.394977 0.338995 0.0100765 0.0629606
5 0.512972 0.338294 0.0104641 0.0498559
6 0.347974 0.47977 0.0292272 0.047818
5 0.496414 0.337 0.00904198 0.0509214
4 0.507573 0.74141 0.0290516 0.0635129
7 0.369922 0.590546 0.0270627 0.0381878
6 0.453701 0.498246 0.0187395 0.0460715
5 0.335011 0.34257 0.0117129 0.0543712
