3 0.362928 0.768213 0.0613192 0.127322
3 0.415555 0.688257 0.0498853 0.103358
3 0.850621 0.663506 0.055335 0.090271
3 0.692724 0.530483 0.0558935 0.0948487
4 0.191884 0.770562 0.0362734 0.063353
3 0.611726 0.429383 0.0517661 0.0927018
3 0.735594 0.425554 0.0468014 0.0904501
3 0.581741 0.494466 0.0415419 0.0838444
4 0.304127 0.613087 0.0294701 0.0229596
3 0.40889 0.45741 0.01551 0.0280455
3 0.529959 0.412018 0.0148655 0.0306986
4 0.501153 0.792121 0.0197172 0.0661376
4 0.0915398 0.952834 0.0696378 0.0889066
3 0.44925 0.45553 0.0131325 0.0283528
3 0.512113 0.38468 0.0156982 0.033226
3 0.486909 0.410671 0.0146648 0.0280094
3 0.490064 0.410942 0.0206188 0.0291693
7 0.626998 0.576765 0.0165619 0.0343919
5 0.746644 0.34446 0.0115269 0.0584932
5 0.685924 0.338551 0.0105471 0.0626411
5 0.589388 0.342243 0.00915642 0.0588329
7 0.585474 0.549792 0.0364193 0.0557094
5 0.622032 0.343764 0.00918369 0.0575099
6 0.627663 0.481541 0.0210165 0.0451868
6 0.583199 0.463621 0.0280503 0.0411858
6 0.674789 0.48148 0.0193057 0.0531951
3 0.690119 0.471221 0.0389923 0.0428762
3 0.485101 0.381995 0.0145897 0.0295577
5 0.636938 0.344796 0.00999412 0.0579037
5 0.607095 0.343888 0.00768776 0.0543901
5 0.590856 0.342956 0.00929947 0.0555405
7 0.671746 0.576741 0.0191954 0.0394598
6 0.58877 0.47209 0.0283741 0.0483379
3 0.484266 0.377766 0.0135122 0.0280701
