3 0.264184 0.572826 0.0365059 0.0592768
3 0.690925 0.492592 0.0379765 0.0707296
3 0.660815 0.426308 0.0493844 0.0838025
3 0.0899531 0.728872 0.0732635 0.107864
0 0.499302 0.840719 0.159247 0.188848
4 0.0455298 0.878523 0.029742 0.0762166
3 0.580364 0.501398 0.0430985 0.0781705
3 0.551426 0.416068 0.0383104 0.0659633
4 0.993987 0.490748 0.0120262 0.0163175
3 0.799581 0.387961 0.0224235 0.0340764
3 0.772 0.419053 0.0201832 0.0341667
3 0.836232 0.422781 0.020924 0.0341625
3 0.251153 0.264303 0.0302965 0.051255
3 0.843412 0.386423 0.0168175 0.031528
4 0.205903 0.611281 0.0308291 0.0282801
3 0.746194 0.450641 0.0148305 0.0283022
5 0.669584 0.350625 0.00751012 0.0391326
5 0.595456 0.348596 0.00913754 0.0479364
5 0.683675 0.346935 0.00806522 0.0461286
6 0.64272 0.47533 0.0191919 0.038162
7 0.669058 0.543466 0.0224289 0.0335812
3 0.78541 0.386012 0.0166422 0.0315277
7 0.551388 0.520538 0.0234218 0.0426237
6 0.684954 0.465172 0.028804 0.0282823
7 0.680507 0.538782 0.029859 0.0313341
3 0.591901 0.459474 0.0245548 0.0381482
5 0.544867 0.349861 0.00884666 0.0435732
4 0.965434 0.476892 0.0158524 0.0170056
7 0.642748 0.550314 0.0204882 0.0314458
6 0.68742 0.456236 0.0214035 0.0339683
5 0.685679 0.347161 0.00838814 0.0512465
5 0.639813 0.351124 0.00813866 0.0478551
6 0.551303 0.454804 0.0232367 0.0365892
3 0.781468 0.388043 0.0199675 0.0312968
7 0.597924 0.545567 0.016378 0.0308016
5 0.7042 0.348085 0.00743427 0.0445163
7 0.644198 0.546514 0.0207249 0.0339032
5 0.570116 0.352025 0.00670032 0.0359486
3 0.583644 0.463576 0.0392494 0.0332116
5 0.562743 0.351187 0.00628287 0.0435056
