3 0.272357 0.346616 0.111036 0.183098
4 0.286215 0.169137 0.0541981 0.162314
4 0.398538 0.427774 0.0454314 0.125232
4 0.549342 0.415959 0.064617 0.0633842
4 0.29859 0.597002 0.0682587 0.112497
4 0.378381 0.706439 0.0863356 0.0601718
3 0.886772 0.236878 0.0556894 0.0805495
7 0.518488 0.581226 0.0516919 0.0791757
4 0.476399 0.599717 0.0527128 0.108605
3 0.229687 0.509833 0.0507997 0.15422
4 0.197806 0.67223 0.0628303 0.0824331
4 0.455271 0.273355 0.0344152 0.101805
3 0.838449 0.484794 0.0271473 0.0467767
6 0.300706 0.415098 0.0471318 0.0827896
4 0.545243 0.647154 0.040313 0.125756
3 0.993081 0.227482 0.0129337 0.0816448
3 0.765064 0.258268 0.0489429 0.0761758
3 0.75089 0.481235 0.0289528 0.0478271
3 0.738794 0.436303 0.026911 0.0467333
4 0.521841 0.625034 0.0286096 0.0508728
3 0.269027 0.508613 0.0499959 0.142797
4 0.497489 0.437221 0.0393448 0.0703117
4 0.322916 0.214313 0.0266306 0.0977997
5 0.504555 0.250934 0.0102884 0.0722643
6 0.442056 0.442641 0.0276379 0.0598309
3 0.250203 0.509519 0.0880235 0.146551
5 0.404657 0.154384 0.0159284 0.134974
5 0.485996 0.17075 0.0148989 0.123857
7 0.442707 0.55353 0.023073 0.0718102
3 0.278312 0.509692 0.0303205 0.124391
5 0.547828 0.204602 0.0144539 0.10659
5 0.240421 0.209487 0.0133781 0.0618944
5 0.372153 0.266261 0.0123107 0.0899871
5 0.50384 0.260035 0.013815 0.0916201
6 0.465783 0.444579 0.0211632 0.0670444
7 0.393441 0.605676 0.0245985 0.0869987
5 0.222801 0.175277 0.0161118 0.105874
5 0.536374 0.227218 0.0388914 0.154682
5 0.528965 0.230068 0.0571332 0.167799
5 0.788736 0.381008 0.0104233 0.0483529
5 0.22224 0.177612 0.0204783 0.121847
