3 0.809309 0.637565 0.0927299 0.150175
3 0.943674 0.479901 0.104889 0.150458
3 0.881001 0.574241 0.0754448 0.121582
3 0.687458 0.456401 0.0696762 0.122872
3 0.771615 0.440578 0.053898 0.0998904
3 0.68676 0.544665 0.0608889 0.0859089
5 0.667543 0.339689 0.014558 0.0760205
5 0.693544 0.337416 0.0133615 0.0819939
5 0.787691 0.334055 0.0146046 0.0955268
6 0.699989 0.529685 0.0360435 0.05954
5 0.933425 0.339489 0.0160282 0.0792328
5 0.870286 0.336577 0.0204323 0.119196
7 0.903996 0.633854 0.0223579 0.0364737
1 0.498369 0.730254 0.140538 0.389396
3 0.831765 0.552439 0.0307653 0.0589749
5 0.752977 0.340321 0.00872211 0.0534465
5 0.870757 0.327969 0.017135 0.0969758
6 0.859756 0.506693 0.0276394 0.0492375
5 0.964564 0.334761 0.0260506 0.098148
5 0.979225 0.332212 0.0184464 0.0950867
5 0.975567 0.333786 0.0235905 0.0990434
6 0.92683 0.553474 0.043383 0.0450329
1 0.50014 0.837295 0.143765 0.185427
7 0.896433 0.641587 0.0379154 0.0487762
7 0.69658 0.654821 0.0397498 0.0726553
6 0.771664 0.562283 0.0206518 0.0727113
5 0.883202 0.336393 0.0115089 0.0651596
4 0.0241793 0.95651 0.0481188 0.078927
5 0.870295 0.355666 0.0258322 0.146718
