3 0.979473 0.719077 0.0409489 0.216248
3 0.838466 0.491654 0.106225 0.160905
1 0.500093 0.727762 0.143929 0.406701
3 0.606328 0.649094 0.0418933 0.0834417
3 0.923343 0.460729 0.0660839 0.134051
3 0.141074 0.960207 0.111288 0.0769427
3 0.804221 0.58634 0.0719286 0.126657
5 0.856064 0.327542 0.0190014 0.106327
5 0.819229 0.337724 0.0111084 0.0725927
5 0.957729 0.343099 0.0157286 0.0862488
4 0.498995 0.786069 0.0393126 0.0776083
6 0.865144 0.590024 0.0507545 0.0943877
5 0.803307 0.330981 0.015193 0.0841237
5 0.890701 0.336689 0.0127609 0.0681009
7 0.8007 0.675124 0.0510231 0.115087
5 0.791495 0.336828 0.0122847 0.0800947
7 0.853166 0.746534 0.0493748 0.08157
6 0.976847 0.627148 0.0457691 0.0812183
7 0.795254 0.660459 0.0449242 0.0879939
