3 0.812204 0.65078 0.216863 0.360302
3 0.225638 0.667608 0.229724 0.395604
3 0.515478 0.827489 0.115112 0.277566
5 0.931523 0.2695 0.049345 0.233613
5 0.754017 0.297338 0.0282545 0.186306
5 0.0970423 0.268225 0.0461732 0.250091
5 0.270628 0.295122 0.0278616 0.184581
5 0.455519 0.306391 0.0210375 0.144575
6 0.701762 0.795866 0.0433037 0.121186
5 0.566786 0.309592 0.0206478 0.150392
4 0.39582 0.654401 0.0318494 0.0310505
6 0.875653 0.868241 0.0569656 0.173517
6 0.162496 0.902266 0.0761336 0.185284
6 0.333348 0.822968 0.045351 0.124211
