3 0.848426 0.733375 0.13483 0.215699
3 0.700977 0.483101 0.0848154 0.1553
5 0.933618 0.325432 0.0356533 0.177594
6 0.716518 0.583591 0.0568649 0.0879424
3 0.966662 0.63479 0.0657562 0.135957
3 0.102743 0.54896 0.0263721 0.0533389
5 0.680478 0.333783 0.0141582 0.0896334
3 0.84628 0.463057 0.0680784 0.132526
3 0.720731 0.581312 0.0658852 0.0925185
5 0.81237 0.317262 0.0246803 0.122929
1 0.496689 0.727145 0.143613 0.400861
5 0.700566 0.328955 0.0145 0.0936541
4 0.498977 0.785301 0.0185287 0.0786851
5 0.886513 0.336382 0.0145935 0.0815014
7 0.699725 0.700256 0.0686481 0.11617
5 0.738654 0.335939 0.0122084 0.0782517
7 0.712638 0.732912 0.0492458 0.0862766
7 0.701589 0.643271 0.023601 0.0569678
7 0.69155 0.686515 0.0495565 0.0889994
5 0.995673 0.342014 0.00840816 0.088716
