4 0.225291 0.925998 0.0651174 0.0545695
3 0.885737 0.445436 0.0698336 0.109539
3 0.804664 0.568567 0.0723858 0.118246
3 0.702953 0.44103 0.0608223 0.103634
3 0.630401 0.414694 0.0157173 0.0332345
3 0.684155 0.511608 0.048613 0.0888058
3 0.747543 0.42381 0.0357973 0.0835878
3 0.630226 0.382299 0.0165651 0.0311648
5 0.714392 0.337451 0.0100237 0.0629879
3 0.657583 0.385648 0.0187427 0.036017
4 0.37576 0.619337 0.0190424 0.032233
6 0.872107 0.504413 0.0445988 0.0540125
5 0.79244 0.340737 0.0127563 0.0738049
5 0.684681 0.3387 0.0103439 0.0612746
7 0.715723 0.598289 0.0303549 0.0457478
4 0.515249 0.461754 0.0131919 0.0138195
5 0.865491 0.342667 0.00877361 0.0616474
6 0.718246 0.499589 0.0244127 0.0507877
5 0.863866 0.34149 0.00935745 0.0669962
7 0.682658 0.581076 0.0372114 0.0688161
7 0.773445 0.619061 0.01943 0.0455039
3 0.560673 0.436404 0.0131094 0.0228928
5 0.902217 0.340733 0.0151676 0.0760882
6 0.777533 0.51338 0.022752 0.0582772
3 0.821896 0.498593 0.0415295 0.0491928
3 0.657196 0.411522 0.0157312 0.0273839
3 0.631268 0.378388 0.0176523 0.0295206
5 0.727998 0.345605 0.00887165 0.0521686
5 0.790464 0.353412 0.0180176 0.10267
5 0.761226 0.344818 0.0107721 0.0625451
5 0.848502 0.344802 0.0144024 0.0776532
7 0.680149 0.572162 0.0397816 0.0713662
5 0.851405 0.337836 0.0123592 0.0678659
