3 0.0752076 0.463009 0.0965073 0.142588
0 0.499102 0.844675 0.164833 0.186622
3 0.22121 0.560972 0.0692972 0.107943
3 0.0324916 0.256914 0.0378889 0.0519306
3 0.261018 0.434263 0.0547142 0.0899097
3 0.748948 0.399205 0.0291835 0.0458767
3 0.821754 0.398118 0.024398 0.0395194
3 0.722115 0.435516 0.0215757 0.0415693
3 0.797738 0.44566 0.0276423 0.0469754
7 0.0673838 0.64846 0.0402735 0.0423643
7 0.123826 0.644758 0.0369538 0.0396028
3 0.0295387 0.569372 0.0587674 0.116069
7 0.198991 0.627396 0.0290364 0.0482864
5 0.270627 0.345415 0.00986727 0.0522506
6 0.26165 0.486658 0.0331709 0.0455926
3 0.206375 0.505 0.0534445 0.0715697
7 0.0286781 0.631019 0.0474309 0.044192
6 0.114135 0.52623 0.0383365 0.0556032
5 0.192731 0.341024 0.01322 0.0692398
5 0.0580233 0.342563 0.0115535 0.0530825
5 0.243028 0.340662 0.0107092 0.0603766
5 0.0872302 0.335258 0.0127831 0.0637751
7 0.267776 0.573442 0.0262139 0.0400723
5 0.109549 0.345382 0.0103743 0.0530862
6 0.0271029 0.516067 0.0525238 0.0679901
6 0.261448 0.482277 0.0400406 0.0399767
5 0.262929 0.343769 0.0080591 0.0530553
5 0.0867392 0.335097 0.0160842 0.073385
6 0.192035 0.517556 0.0298814 0.0566705
5 0.0219915 0.333719 0.0175783 0.0696666
5 0.222339 0.347583 0.0101255 0.0519679
7 0.267844 0.561001 0.0246558 0.0293326
6 0.25243 0.492714 0.0247249 0.0374027
5 0.181841 0.346471 0.00885091 0.0497057
