3 0.612407 0.348303 0.112813 0.195613
3 0.784356 0.558424 0.124876 0.215074
3 0.943678 0.355057 0.112643 0.206066
3 0.902667 0.505323 0.10217 0.163407
3 0.754371 0.338242 0.0932154 0.160825
3 0.621057 0.50936 0.0919994 0.148958
7 0.640736 0.633235 0.0606951 0.0893721
7 0.599387 0.611961 0.0563269 0.0892187
4 0.573758 0.700098 0.0808216 0.0863305
6 0.638324 0.441475 0.0609118 0.0889952
6 0.926171 0.436662 0.0707748 0.0958412
7 0.932233 0.579607 0.0388039 0.0741336
7 0.917197 0.637747 0.0741508 0.0895682
7 0.832024 0.658296 0.028125 0.088957
5 0.607388 0.146672 0.0186991 0.126814
7 0.73151 0.644986 0.0154466 0.0743856
6 0.865122 0.42072 0.030621 0.0645055
5 0.736878 0.132939 0.0205686 0.155559
0 0.382 0.908538 0.380899 0.182924
5 0.793498 0.177928 0.0153865 0.0972218
5 0.571618 0.165215 0.0262274 0.131959
5 0.846098 0.12719 0.0212221 0.15568
5 0.967931 0.121081 0.0185656 0.119337
5 0.567831 0.157573 0.0211241 0.122151
7 0.658167 0.586609 0.0205154 0.0481352
5 0.715731 0.183518 0.0165919 0.10191
7 0.967124 0.598015 0.0334455 0.0463175
5 0.994021 0.126131 0.0117737 0.101766
5 0.623815 0.177826 0.0185444 0.0944992
6 0.834971 0.438222 0.0290768 0.083152
4 0.688679 0.560033 0.0202246 0.0326311
6 0.733349 0.442491 0.0184672 0.0892166
7 0.860273 0.581489 0.0274078 0.0530672
6 0.649266 0.446622 0.0399257 0.0815893
5 0.57668 0.169502 0.0172621 0.0997839
5 0.609763 0.156329 0.02141 0.132502
