3 0.38172 0.536312 0.0551782 0.100738
3 0.465946 0.435313 0.051833 0.0992555
3 0.34024 0.427473 0.0475517 0.0897058
3 0.491554 0.502162 0.0463705 0.0767616
3 0.576486 0.413529 0.0188145 0.0307908
1 0.499748 0.837547 0.143189 0.186288
3 0.553193 0.383468 0.017201 0.0321712
3 0.383981 0.473207 0.0376576 0.0466956
4 0.497196 0.79288 0.0215399 0.0624035
5 0.487014 0.341325 0.00926628 0.0602249
5 0.391889 0.343352 0.0100012 0.0634041
5 0.330111 0.345698 0.0104273 0.0560459
5 0.458369 0.339626 0.011867 0.0611065
3 0.521714 0.424312 0.0130898 0.0292053
3 0.445007 0.404492 0.0319771 0.0545833
5 0.434954 0.345586 0.00901661 0.0494551
3 0.578673 0.382222 0.0172899 0.0329293
5 0.355237 0.340793 0.0101056 0.0561778
5 0.433686 0.344894 0.00918159 0.0446716
5 0.390061 0.342381 0.0092413 0.0666811
5 0.360585 0.34442 0.0104257 0.0582705
3 0.549042 0.383994 0.0223022 0.0346931
6 0.447304 0.492501 0.0263996 0.049815
7 0.452346 0.578732 0.0260288 0.0438143
