3 0.381923 0.425963 0.0456082 0.0842293
3 0.305251 0.522389 0.0520863 0.0903757
3 0.398633 0.486405 0.0391624 0.0687786
3 0.25342 0.425562 0.0464807 0.0822374
3 0.89816 0.800368 0.0872059 0.125929
4 0.687965 0.586933 0.0199299 0.0263
3 0.84157 0.869607 0.0894089 0.136996
3 0.351535 0.412032 0.0275818 0.068033
3 0.364727 0.415843 0.05662 0.0746596
5 0.276507 0.342616 0.0121955 0.0544832
4 0.906778 0.890833 0.0319038 0.101822
5 0.314336 0.339333 0.0091301 0.0561313
5 0.296568 0.345708 0.00743704 0.0431129
5 0.24264 0.341279 0.00865469 0.0484771
4 0.988482 0.619266 0.0222769 0.0595109
7 0.399282 0.537699 0.0268658 0.0389285
7 0.401414 0.532939 0.0250557 0.0391932
5 0.40981 0.347725 0.0108957 0.0513648
7 0.368284 0.556686 0.024477 0.0339904
5 0.268895 0.342825 0.00801361 0.0485382
6 0.260477 0.470371 0.0282521 0.0386945
5 0.371596 0.346461 0.0102054 0.0515117
3 0.295411 0.467852 0.0328311 0.0394434
6 0.367366 0.473283 0.0167629 0.0353287
6 0.365739 0.47901 0.0188812 0.0474559
6 0.324906 0.483027 0.0220678 0.0481622
7 0.368993 0.54904 0.025066 0.0457978
