3 0.490957 0.470493 0.0211359 0.0392264
3 0.320843 0.430372 0.0424333 0.0499351
3 0.282787 0.477118 0.0351657 0.064752
3 0.384931 0.477856 0.0372728 0.0690722
3 0.399508 0.421782 0.0252449 0.0259766
3 0.35632 0.459097 0.0208649 0.0577794
4 0.498558 0.801752 0.0209228 0.0829575
0 0.501377 0.833215 0.147239 0.1784
3 0.401052 0.470974 0.0183395 0.0404348
4 0.491112 0.504332 0.00963955 0.0302334
7 0.289707 0.514973 0.0244216 0.0292461
6 0.308776 0.465306 0.0194527 0.0424849
3 0.399672 0.4759 0.0206965 0.0527035
