3 0.770601 0.895685 0.0977013 0.171729
4 0.932335 0.91285 0.0617437 0.107233
3 0.393609 0.78972 0.0660711 0.134616
3 0.367086 0.532631 0.0523987 0.0967709
0 0.500262 0.835207 0.145014 0.186881
3 0.440335 0.426296 0.0468446 0.0884399
3 0.29866 0.431786 0.0545963 0.095326
3 0.132353 0.592881 0.0446692 0.0769329
3 0.439073 0.496557 0.0400067 0.0643511
3 0.321065 0.499189 0.0431457 0.0727509
3 0.384222 0.417215 0.0341406 0.0747809
4 0.582646 0.532397 0.0179325 0.0210785
4 0.55454 0.6304 0.015983 0.0301008
5 0.382536 0.341935 0.0093401 0.0614093
5 0.338321 0.340863 0.010815 0.0627005
4 0.986308 0.911172 0.0270348 0.177656
5 0.436587 0.34064 0.00887337 0.052007
5 0.282316 0.341952 0.0109319 0.0519178
5 0.295244 0.341903 0.0114305 0.0517648
7 0.303144 0.567253 0.0294324 0.0373768
