3 0.154719 0.48736 0.0441466 0.0712033
3 0.74435 0.403123 0.034556 0.0604038
3 0.914199 0.505844 0.0300528 0.0463748
3 0.796066 0.467001 0.038826 0.0672866
3 0.0803138 0.414199 0.0509657 0.0735351
3 0.779357 0.396913 0.0263514 0.0531399
3 0.73692 0.450276 0.0299761 0.0501907
3 0.845588 0.405598 0.0382298 0.0637677
3 0.991776 0.554893 0.01604 0.0578839
3 0.210708 0.463844 0.033462 0.0570732
3 0.211565 0.409733 0.0407398 0.0650851
3 0.150813 0.406654 0.0331995 0.0621665
4 0.972158 0.532348 0.023238 0.0199268
3 0.828029 0.45064 0.0352537 0.0566292
