3 0.181124 0.386125 0.0209388 0.032482
3 0.45431 0.524249 0.0504808 0.0915213
3 0.482527 0.422289 0.0389627 0.0777025
0 0.500855 0.834527 0.144734 0.183603
3 0.0328414 0.509421 0.0291998 0.0419232
3 0.369345 0.435764 0.0548485 0.101768
3 0.222789 0.388474 0.0195313 0.0362305
3 0.25014 0.419093 0.0174551 0.0346505
3 0.188646 0.424506 0.0212369 0.0368858
7 0.390108 0.579982 0.0219016 0.0327552
3 0.434794 0.479433 0.0304361 0.0559428
4 0.934064 0.704284 0.0199169 0.0436605
7 0.348558 0.565685 0.0397769 0.058014
5 0.492829 0.344734 0.00739861 0.0447346
5 0.38162 0.341754 0.0111494 0.061557
7 0.438631 0.57688 0.0231075 0.0419299
5 0.356815 0.346558 0.00751727 0.0491919
5 0.321594 0.341508 0.0104661 0.0555467
6 0.39066 0.485569 0.0220651 0.0433787
6 0.340599 0.477414 0.0391848 0.0513258
5 0.342079 0.34166 0.00946102 0.0572885
5 0.457531 0.347193 0.00677385 0.0375031
5 0.429377 0.345466 0.0089819 0.0391551
6 0.347734 0.483278 0.0314199 0.0470863
3 0.124479 0.46272 0.0209277 0.0325129
5 0.48916 0.343184 0.00858593 0.0494687
3 0.454398 0.509997 0.0460299 0.0656225
7 0.393412 0.524683 0.0151085 0.0396822
3 0.211166 0.418718 0.0165852 0.03842
5 0.457168 0.359006 0.00709591 0.0279856
5 0.33966 0.341102 0.00870924 0.0588958
3 0.236174 0.383899 0.0168777 0.0351358
3 0.242016 0.385021 0.0189065 0.0318875
