3 0.329218 0.744868 0.0602571 0.118208
3 0.840406 0.837662 0.086219 0.152679
3 0.76204 0.601684 0.0393389 0.0724941
3 0.894323 0.565859 0.0741783 0.108824
6 0.938367 0.553521 0.0486668 0.0785673
3 0.865046 0.389141 0.0245615 0.0349048
3 0.914387 0.470641 0.0968697 0.143519
3 0.863647 0.427089 0.0241663 0.0366575
3 0.693389 0.475707 0.0168805 0.03573
5 0.930446 0.334269 0.0132597 0.0869669
1 0.500244 0.83456 0.145546 0.188906
5 0.985359 0.339071 0.0151499 0.0693276
5 0.909172 0.339323 0.0101166 0.0671927
7 0.926448 0.689676 0.047415 0.0762088
5 0.883937 0.337908 0.0172379 0.0769544
3 0.993956 0.428514 0.0116512 0.0590434
