3 0.271946 0.342617 0.109185 0.183024
3 0.249653 0.506021 0.0902697 0.143518
4 0.398532 0.427601 0.0452846 0.125051
4 0.283097 0.171506 0.0588646 0.161944
4 0.548899 0.418467 0.072683 0.0794171
7 0.517778 0.582386 0.053974 0.080051
4 0.295598 0.598857 0.0778284 0.12175
3 0.885963 0.23895 0.0573225 0.0823177
4 0.37917 0.706414 0.0851151 0.0603285
7 0.249055 0.595121 0.051384 0.084794
4 0.197602 0.672925 0.0622199 0.0799945
4 0.544853 0.646115 0.0411894 0.125503
4 0.455252 0.273031 0.0348583 0.100707
3 0.839089 0.484504 0.0267401 0.0465405
4 0.476494 0.599771 0.05306 0.109879
3 0.76497 0.257652 0.0491989 0.0789578
6 0.302305 0.417425 0.0482473 0.0845567
3 0.99309 0.228693 0.0129089 0.081424
3 0.750741 0.482663 0.0293987 0.0478501
5 0.221288 0.159181 0.0162636 0.0942067
6 0.442634 0.442801 0.0286154 0.0600363
3 0.738513 0.438513 0.0264 0.0516306
4 0.322601 0.214339 0.0279016 0.0958615
5 0.209998 0.21068 0.0266104 0.115334
5 0.207639 0.200621 0.0171063 0.0892579
5 0.504449 0.249957 0.00901489 0.0691203
5 0.403786 0.155673 0.0161029 0.135187
7 0.443356 0.555841 0.0230783 0.0669228
5 0.486071 0.167885 0.0136963 0.117173
6 0.238119 0.429443 0.0578757 0.0787542
4 0.522474 0.623413 0.0291479 0.054222
5 0.547799 0.202855 0.0142119 0.103101
5 0.372219 0.267148 0.0117672 0.0884742
5 0.503764 0.260172 0.0137589 0.0908127
7 0.394554 0.60597 0.0242731 0.0855128
6 0.467447 0.433865 0.0255194 0.0639603
5 0.241013 0.208602 0.0135454 0.0652925
5 0.528863 0.229274 0.0560898 0.167743
5 0.788146 0.384875 0.0109427 0.0556113
5 0.539642 0.224778 0.0314304 0.150293
5 0.212105 0.216061 0.0445862 0.116919
5 0.373257 0.2744 0.0176966 0.105265
5 0.501132 0.271563 0.0200287 0.119622
