3 0.272193 0.342067 0.109455 0.182994
3 0.249666 0.506875 0.0901108 0.145254
4 0.398796 0.427499 0.0455751 0.12498
4 0.283206 0.170244 0.0541679 0.157424
4 0.294872 0.598434 0.0746716 0.113889
4 0.378681 0.706311 0.0857024 0.0602083
7 0.51686 0.581956 0.0532099 0.0805812
3 0.88583 0.238222 0.0578922 0.0798569
7 0.248017 0.590087 0.0509898 0.0809313
4 0.548592 0.415919 0.0672718 0.0675405
4 0.476367 0.600375 0.0525549 0.107726
4 0.545439 0.644851 0.041983 0.12826
4 0.197631 0.672721 0.0624124 0.082571
4 0.454969 0.274425 0.034919 0.101559
3 0.764987 0.2584 0.0488795 0.0785433
3 0.838926 0.485086 0.0274054 0.0461332
6 0.302232 0.417166 0.0481592 0.0841273
3 0.993346 0.227806 0.0124344 0.0814878
3 0.751334 0.483063 0.029463 0.0482624
5 0.221425 0.157377 0.0153727 0.0896442
3 0.739842 0.439383 0.0281315 0.0525955
4 0.32166 0.213855 0.0294981 0.0951685
5 0.210174 0.211105 0.0263179 0.116564
5 0.208346 0.201437 0.0172505 0.0913344
5 0.485737 0.168884 0.0141195 0.117596
6 0.442667 0.441145 0.0247253 0.059469
5 0.403777 0.155184 0.0169083 0.135918
5 0.503982 0.250269 0.0102555 0.0695367
7 0.393682 0.604191 0.0262646 0.0866136
4 0.50004 0.4322 0.0304689 0.0665839
4 0.522381 0.623823 0.029405 0.0499988
6 0.237869 0.429499 0.0570579 0.0788228
6 0.46969 0.430455 0.0290316 0.0720261
7 0.442617 0.556902 0.0223982 0.0636542
5 0.547737 0.204997 0.0140471 0.106622
5 0.371958 0.271676 0.0134313 0.0957483
5 0.503611 0.260609 0.0137974 0.0910299
5 0.241184 0.208124 0.0115282 0.0644347
5 0.50152 0.269853 0.019149 0.116782
5 0.788489 0.387426 0.0117865 0.0609202
5 0.212776 0.215937 0.0421521 0.118155
6 0.467814 0.441103 0.0264383 0.0705985
5 0.539869 0.226294 0.030886 0.152738
5 0.52845 0.230387 0.056698 0.1693
5 0.373059 0.274747 0.0178555 0.104079
