0 0.498955 0.755241 0.164372 0.377998
3 0.838332 0.511045 0.126821 0.183844
3 0.951931 0.650963 0.0961379 0.18712
3 0.195288 0.658759 0.0533761 0.08418
3 0.670611 0.614513 0.0818212 0.139833
3 0.41223 0.638983 0.0437894 0.078268
3 0.673174 0.45177 0.0683062 0.111777
4 0.015552 0.834623 0.0308264 0.0676968
3 0.439666 0.264715 0.0272621 0.0492328
3 0.985678 0.934412 0.028487 0.131175
5 0.904917 0.329479 0.0238461 0.115121
3 0.755014 0.554825 0.0557558 0.113997
3 0.907377 0.45206 0.0742516 0.107995
5 0.682016 0.33174 0.0160378 0.0856878
5 0.80059 0.337657 0.0214222 0.124788
5 0.648107 0.335856 0.013859 0.0785714
6 0.87305 0.598601 0.0420593 0.0678543
5 0.889834 0.335512 0.0143791 0.0646961
6 0.781938 0.586609 0.031568 0.0687866
5 0.949378 0.337752 0.0150639 0.0751028
4 0.332475 0.604971 0.0278069 0.0221026
7 0.691849 0.704136 0.0479208 0.068032
6 0.695626 0.561097 0.0436186 0.0710685
