0 0.49905 0.74913 0.159114 0.370312
3 0.344005 0.422106 0.042874 0.0806831
3 0.412993 0.585102 0.032943 0.0608248
3 0.23545 0.418751 0.043714 0.0668122
3 0.267506 0.502766 0.0498366 0.0813469
3 0.28576 0.465813 0.0326907 0.0542443
3 0.496291 0.383281 0.0165296 0.0272821
3 0.527215 0.382697 0.0128479 0.0262804
5 0.361707 0.347048 0.00880833 0.0452563
5 0.237783 0.344845 0.00649185 0.0454245
5 0.29213 0.351449 0.00827093 0.0337141
5 0.331097 0.3479 0.0102987 0.0456688
7 0.330472 0.542556 0.0191321 0.0343238
7 0.2854 0.544887 0.023134 0.0324012
5 0.270176 0.348049 0.00853127 0.0409049
5 0.220467 0.346036 0.00658455 0.0371355
7 0.243466 0.536954 0.0316288 0.0310868
5 0.335235 0.348873 0.00930004 0.0451733
6 0.242668 0.462354 0.0197851 0.0235773
3 0.718917 0.624768 0.0207925 0.0443537
5 0.383898 0.349813 0.00741482 0.0403639
5 0.262659 0.347459 0.00676932 0.0457419
