3 0.699229 0.548464 0.0294231 0.053289
3 0.372745 0.530021 0.0521842 0.100139
3 0.439955 0.444141 0.0539005 0.10982
3 0.388822 0.420782 0.0452876 0.0851555
3 0.0698797 0.395195 0.0286414 0.0465163
3 0.5164 0.52099 0.0495996 0.0840378
3 0.108903 0.436931 0.0270817 0.0422524
3 0.511992 0.421555 0.0430244 0.0830577
4 0.50277 0.771274 0.0265878 0.0763382
3 0.0181806 0.445693 0.0348606 0.0488282
3 0.220801 0.465273 0.0172195 0.0292215
5 0.532496 0.342204 0.00950886 0.0526835
3 0.0462164 0.434155 0.0204558 0.04447
1 0.499492 0.835976 0.143812 0.188051
5 0.513615 0.341209 0.0102409 0.0580177
5 0.415543 0.338207 0.00961418 0.0570554
5 0.354169 0.342587 0.0106213 0.0556767
5 0.436823 0.347952 0.00851231 0.0529759
5 0.414062 0.337655 0.00862789 0.0614549
5 0.460624 0.342954 0.00952902 0.0744473
7 0.38535 0.58904 0.0292653 0.0418396
6 0.380207 0.489834 0.0321467 0.046435
5 0.365741 0.341165 0.0108449 0.0590082
5 0.392378 0.342825 0.00754833 0.0438223
3 0.00617413 0.407834 0.0122427 0.0308634
5 0.534359 0.341328 0.0105363 0.05594
6 0.498311 0.478635 0.017227 0.0485988
5 0.388396 0.341475 0.00755348 0.0532399
