3 0.0615257 0.257677 0.109743 0.199771
3 0.410502 0.0745776 0.102688 0.144329
3 0.401457 0.255684 0.118608 0.200909
3 0.190667 0.0970108 0.138563 0.185956
6 0.355198 0.184811 0.0630483 0.0867993
6 0.245742 0.194618 0.0337466 0.10235
3 0.0989356 0.0646037 0.0656442 0.126626
3 0.285168 0.198597 0.0564002 0.164504
6 0.434853 0.135765 0.0424074 0.0635513
6 0.0700847 0.167648 0.0836854 0.108824
7 0.154273 0.39913 0.0371531 0.0759351
7 0.358913 0.385423 0.0663158 0.0901928
7 0.081849 0.37097 0.0792276 0.0913209
7 0.249903 0.4032 0.0276862 0.0768083
6 0.14656 0.182989 0.0379272 0.0912032
7 0.16299 0.289946 0.0443303 0.0953616
