3 0.308596 0.513356 0.025011 0.0444547
3 0.414504 0.530078 0.024555 0.0504502
3 0.179489 0.51623 0.0568405 0.0921129
3 0.920608 0.483664 0.0473055 0.0765582
3 0.242843 0.419889 0.0470777 0.0833149
3 0.0848518 0.430897 0.0642118 0.101649
3 0.0608743 0.551703 0.0388402 0.059319
3 0.164997 0.416198 0.0420192 0.0747523
3 0.827933 0.457641 0.0275051 0.057427
3 0.849222 0.419279 0.0449181 0.0415614
3 0.0963792 0.505066 0.0528282 0.0758415
3 0.243901 0.512382 0.0301702 0.0364628
5 0.255537 0.346505 0.00839844 0.0431523
6 0.89522 0.44534 0.0127457 0.0384464
6 0.932541 0.436383 0.0219578 0.0361336
7 0.965802 0.508568 0.0285421 0.028115
5 0.0395367 0.826858 0.078482 0.330195
6 0.864847 0.446722 0.018474 0.0353432
7 0.964427 0.512627 0.0286476 0.0296492
3 0.976892 0.425386 0.0455276 0.03542
5 0.243097 0.345958 0.00920639 0.0449205
5 0.14553 0.345196 0.0109412 0.0657234
4 0.557416 0.517601 0.012162 0.0201497
3 0.882025 0.416504 0.030867 0.0326697
