3 0.763963 0.857386 0.0819857 0.158657
3 0.210577 0.442718 0.0633187 0.10975
3 0.144661 0.595472 0.0869852 0.134533
3 0.0493773 0.445778 0.065893 0.104588
3 0.00981964 0.482873 0.0195194 0.127416
6 0.2071 0.503439 0.0383602 0.0547749
5 0.217337 0.34133 0.0112672 0.067266
7 0.113515 0.673255 0.0203619 0.0577044
5 0.0967718 0.34302 0.0166007 0.108374
5 0.184948 0.341599 0.00927644 0.0623551
5 0.166621 0.338702 0.0126497 0.079603
3 0.158565 0.50559 0.0425196 0.0581451
5 0.0628866 0.341626 0.0104135 0.0635713
6 0.103024 0.54496 0.0225502 0.0646418
7 0.213806 0.602248 0.0363729 0.0610581
7 0.0346986 0.701391 0.0335662 0.036296
5 0.146351 0.355334 0.0120338 0.0862161
5 0.0651518 0.342077 0.0091969 0.0604605
5 0.146 0.343058 0.0108563 0.0595002
4 0.257279 0.518677 0.0215295 0.0189095
6 0.0161179 0.56401 0.0321418 0.0549523
