3 0.793777 0.433496 0.0575211 0.100826
3 0.739936 0.549132 0.0626053 0.106284
3 0.64899 0.43825 0.0566586 0.0988109
3 0.618871 0.505923 0.0420124 0.0787816
3 0.178201 0.886599 0.0967987 0.16812
3 0.741317 0.485735 0.0425087 0.0479453
7 0.662832 0.585887 0.0225973 0.0402862
7 0.713152 0.598126 0.0225113 0.0384905
6 0.666246 0.494833 0.0236678 0.0438944
5 0.810806 0.343279 0.0131275 0.0658122
5 0.734723 0.340506 0.0105659 0.0688411
5 0.660504 0.339739 0.00929623 0.0595893
4 0.495903 0.790481 0.0273115 0.08015
5 0.61067 0.341314 0.00922546 0.0506413
3 0.676745 0.41242 0.0249617 0.0602847
7 0.620625 0.559061 0.0332426 0.0502311
5 0.776624 0.340195 0.0125818 0.0640929
6 0.621899 0.468311 0.0310661 0.0521552
5 0.657512 0.339992 0.0105837 0.0531111
7 0.624204 0.565362 0.0333067 0.0516634
3 0.618476 0.522875 0.0367702 0.0614106
6 0.786823 0.484862 0.035185 0.0337134
5 0.684056 0.346203 0.00693874 0.0386672
