3 0.295484 0.33869 0.113181 0.187274
3 0.246246 0.507363 0.0928496 0.146199
4 0.420577 0.714637 0.0864085 0.0680983
4 0.566844 0.418063 0.0723982 0.0668931
4 0.327965 0.604182 0.067385 0.116599
4 0.207301 0.685996 0.0716435 0.0787342
4 0.436272 0.427736 0.0553411 0.125088
3 0.946827 0.241109 0.0587189 0.081267
4 0.3203 0.157556 0.052976 0.16852
3 0.714026 0.268579 0.0442529 0.0719312
3 0.825858 0.254552 0.0536621 0.0752299
6 0.332777 0.416849 0.0448939 0.0914416
4 0.508045 0.598534 0.0589895 0.104571
7 0.266794 0.598128 0.0490023 0.0791838
5 0.210564 0.185602 0.0151338 0.0948894
3 0.666845 0.438938 0.0261601 0.0469137
7 0.433986 0.592781 0.0395987 0.0967854
3 0.761877 0.482041 0.0209654 0.0390969
5 0.240099 0.144696 0.0167423 0.115788
5 0.444019 0.152676 0.0204564 0.140184
6 0.501434 0.436121 0.0389202 0.0874087
4 0.447868 0.267251 0.0288461 0.0934552
4 0.576631 0.645996 0.031909 0.124556
3 0.678005 0.483497 0.0291263 0.0448564
6 0.2511 0.427337 0.0394234 0.0740626
5 0.520627 0.166849 0.0130992 0.121514
5 0.446872 0.147242 0.0152227 0.130841
5 0.554969 0.217504 0.0103416 0.0743284
5 0.231579 0.209001 0.0149017 0.0818395
3 0.723308 0.43837 0.0176862 0.0422651
7 0.233956 0.583144 0.0391063 0.0675381
5 0.361007 0.247329 0.0123669 0.0570815
5 0.713416 0.386227 0.00810642 0.0444685
4 0.534274 0.645513 0.0461193 0.0616248
