3 0.272177 0.34315 0.109659 0.183403
3 0.249466 0.505922 0.0901385 0.143096
4 0.398443 0.42747 0.045543 0.124866
4 0.549301 0.417796 0.0717983 0.0792139
4 0.283915 0.170136 0.0576682 0.160841
7 0.517568 0.582068 0.0536717 0.0805823
7 0.250296 0.59551 0.0543701 0.0849331
4 0.378859 0.706113 0.085612 0.061412
3 0.886021 0.238218 0.0576611 0.0805433
4 0.296462 0.599946 0.07549 0.11886
4 0.197664 0.673577 0.0619309 0.0818305
4 0.544889 0.645778 0.0408491 0.128297
4 0.45556 0.272453 0.034444 0.100102
4 0.477007 0.598839 0.0529566 0.106865
3 0.764978 0.258237 0.0492361 0.080658
3 0.839266 0.48409 0.0263611 0.0454487
6 0.30296 0.417984 0.0488275 0.0838637
3 0.993033 0.228791 0.0130278 0.0817201
3 0.750668 0.482209 0.0297905 0.0480988
5 0.221548 0.159065 0.0160072 0.0920678
3 0.738821 0.436412 0.0265557 0.047267
6 0.442368 0.442406 0.0285088 0.0597329
4 0.322924 0.215401 0.0270132 0.0973894
5 0.211008 0.210494 0.0265664 0.116558
5 0.403676 0.155908 0.0170912 0.139094
5 0.504583 0.249954 0.00897217 0.0688993
5 0.208734 0.20083 0.0169017 0.0911023
5 0.486616 0.168355 0.0138313 0.118767
7 0.442955 0.558196 0.0222288 0.0641461
6 0.466312 0.443311 0.0241417 0.0655906
6 0.237814 0.429323 0.0580472 0.0796624
4 0.522144 0.623814 0.0300206 0.0515052
7 0.394296 0.602922 0.0263765 0.0828714
5 0.37206 0.267675 0.0116739 0.0885952
5 0.547805 0.203674 0.0143477 0.105034
5 0.504047 0.25949 0.0133733 0.0884795
6 0.469717 0.433058 0.0289884 0.0761924
5 0.529521 0.227315 0.0557552 0.166306
5 0.239933 0.208027 0.0133305 0.068473
5 0.372863 0.274971 0.0171913 0.103792
5 0.542407 0.220864 0.0262972 0.142584
5 0.501533 0.271304 0.0192595 0.117283
5 0.212473 0.215256 0.0439742 0.116964
