3 0.281492 0.576963 0.0687718 0.122804
3 0.367724 0.440614 0.0585778 0.106071
3 0.176426 0.456291 0.0740581 0.120882
3 0.209067 0.532405 0.0591107 0.0905768
3 0.358032 0.516299 0.0497474 0.0821722
7 0.205646 0.635942 0.0423054 0.0432283
3 0.28722 0.4282 0.0415816 0.0920958
7 0.194394 0.586149 0.0254913 0.0382015
7 0.358529 0.603621 0.0356617 0.0536665
6 0.197933 0.52317 0.0450941 0.0554401
5 0.300577 0.343938 0.0136643 0.0848206
5 0.168549 0.34072 0.018006 0.079924
5 0.241186 0.34377 0.0139588 0.0933126
5 0.205004 0.345627 0.0114754 0.0655156
5 0.383908 0.342186 0.00937386 0.0633301
5 0.26421 0.34411 0.00869732 0.0585105
3 0.355556 0.506328 0.0391953 0.0608952
5 0.364413 0.340793 0.00864004 0.0645437
5 0.354209 0.344397 0.00881831 0.0568004
7 0.377917 0.582071 0.0284441 0.0398679
7 0.187457 0.619716 0.0457453 0.0445101
7 0.374205 0.560867 0.0224186 0.0396543
6 0.30633 0.51794 0.0116982 0.0530611
5 0.30231 0.353989 0.0147023 0.106893
5 0.367622 0.342401 0.0112207 0.0687505
7 0.194649 0.601234 0.0302302 0.0344918
5 0.265487 0.343797 0.0090618 0.0529805
5 0.152954 0.344301 0.0277142 0.08645
