3 0.75844 0.932699 0.14507 0.134602
3 0.418505 0.427463 0.0491646 0.0837231
3 0.341387 0.527164 0.0540587 0.0933777
3 0.272082 0.42979 0.0525231 0.0896128
3 0.422454 0.495143 0.041552 0.0678625
0 0.499996 0.850253 0.164114 0.183826
3 0.47282 0.424506 0.0131067 0.024695
3 0.366824 0.416617 0.0401683 0.0680727
3 0.297797 0.49093 0.0458291 0.0723944
3 0.175838 0.965276 0.143112 0.0694485
5 0.416974 0.345838 0.00922337 0.0529234
5 0.436343 0.347668 0.00906095 0.0528827
5 0.356563 0.345587 0.00947746 0.0526694
5 0.415525 0.348184 0.0092741 0.055519
5 0.312407 0.34477 0.00977268 0.0549861
7 0.287509 0.5641 0.0311149 0.0427811
7 0.277801 0.552268 0.0305371 0.0320749
7 0.280366 0.558129 0.0334097 0.0393129
3 0.434376 0.382183 0.0161276 0.0270713
7 0.429687 0.535913 0.0238115 0.0320148
7 0.408603 0.546719 0.0198099 0.0392215
6 0.281647 0.481454 0.0303048 0.0483405
7 0.40952 0.554219 0.0272867 0.0388628
7 0.320561 0.576888 0.0141165 0.038002
5 0.263604 0.345968 0.0106746 0.0521725
