0 0.78219 0.811567 0.43562 0.376866
3 0.409236 0.149836 0.195402 0.288742
3 0.132132 0.11405 0.156185 0.223931
3 0.706684 0.251091 0.0521297 0.0790874
3 0.539849 0.112161 0.103129 0.215666
7 0.590325 0.246227 0.111164 0.145794
7 0.486281 0.26765 0.0480465 0.144912
7 0.0941268 0.248035 0.11497 0.146687
7 0.326193 0.284462 0.0243979 0.152951
7 0.163816 0.268219 0.125853 0.154243
3 0.835243 0.242642 0.0465982 0.0413936
7 0.565074 0.211397 0.0486034 0.0983699
7 0.195908 0.230514 0.0362854 0.0614211
6 0.589225 0.245585 0.109637 0.150966
