0 0.500302 0.832644 0.145364 0.184115
3 0.666396 0.431935 0.0515236 0.0960372
3 0.754068 0.546994 0.0588953 0.105881
3 0.485878 0.487623 0.0184212 0.0362708
3 0.828815 0.43672 0.0586658 0.103098
4 0.228392 0.765278 0.0211104 0.0594577
3 0.620105 0.413646 0.0161179 0.0325351
3 0.710685 0.418689 0.0356667 0.077916
3 0.653687 0.502094 0.0434984 0.0769982
3 0.782705 0.504696 0.0446959 0.0786341
4 0.392513 0.579332 0.0167493 0.0243898
6 0.816213 0.494227 0.0371714 0.0459266
5 0.842151 0.341321 0.0124504 0.0665771
3 0.620242 0.383097 0.0172125 0.031423
6 0.680434 0.485836 0.0252242 0.0409514
3 0.647157 0.389094 0.0181244 0.0330794
5 0.739013 0.341395 0.00932484 0.0673533
7 0.651339 0.558067 0.0279869 0.0589075
5 0.7877 0.343315 0.0116608 0.0723027
5 0.645745 0.342091 0.0118534 0.0507286
4 0.895621 0.540962 0.0257721 0.0186525
5 0.817974 0.342687 0.00914192 0.0579768
3 0.561478 0.43224 0.012925 0.0257319
7 0.811217 0.585196 0.034621 0.0371187
5 0.729537 0.350359 0.00709629 0.0649229
5 0.696223 0.344896 0.0072298 0.0454517
5 0.672716 0.341779 0.0111338 0.0557125
5 0.791215 0.340901 0.0104467 0.0670154
7 0.67701 0.580311 0.02757 0.0523154
5 0.657072 0.343414 0.00784906 0.0489859
5 0.78376 0.346168 0.00962893 0.0645349
5 0.789563 0.345715 0.0133724 0.0749723
