3 0.403314 0.520349 0.0487808 0.0951263
3 0.535554 0.509887 0.0424373 0.0854574
3 0.694414 0.547356 0.0309859 0.0533273
3 0.474772 0.437188 0.0537249 0.102711
3 0.361023 0.672097 0.0475606 0.0959349
3 0.40596 0.421124 0.043831 0.0778913
3 0.519546 0.416753 0.0398758 0.0756357
3 0.588774 0.480069 0.0178573 0.0374024
3 0.820197 0.429878 0.0245327 0.0422612
3 0.835558 0.390435 0.0198906 0.0366464
3 0.755633 0.424105 0.0220173 0.0377542
4 0.495946 0.784861 0.0211403 0.0871586
3 0.78152 0.390804 0.0241808 0.0395288
0 0.499832 0.835534 0.14548 0.186439
5 0.385662 0.343336 0.0111937 0.0559865
5 0.452351 0.345443 0.0110076 0.0625093
3 0.684734 0.4941 0.0278175 0.0455157
5 0.538931 0.341968 0.00991707 0.0596963
3 0.800583 0.424893 0.0187613 0.0392474
3 0.459494 0.497938 0.0272877 0.0623122
5 0.495086 0.339144 0.00870342 0.0552696
5 0.404982 0.342093 0.0092411 0.0505349
6 0.419187 0.474394 0.0201153 0.0429932
7 0.415968 0.570249 0.0299948 0.0403033
6 0.395211 0.464816 0.0246323 0.0340508
5 0.512991 0.340737 0.00828857 0.0609013
