3 0.950535 0.761429 0.098929 0.241942
5 0.971813 0.312312 0.0324711 0.140762
3 0.822589 0.395008 0.0261969 0.0452577
3 0.964464 0.486282 0.0256432 0.0342711
3 0.656379 0.457356 0.0141036 0.0315905
3 0.776548 0.391274 0.0217496 0.0384894
3 0.777339 0.434912 0.0243767 0.0439124
4 0.917539 0.53977 0.0265812 0.0205261
6 0.971202 0.673607 0.0570171 0.120207
6 0.983738 0.617097 0.0325233 0.0665489
3 0.851226 0.440126 0.0188858 0.0385225
5 0.993846 0.316638 0.0119438 0.124751
3 0.807248 0.428158 0.0176594 0.0416599
3 0.847761 0.393977 0.0248413 0.0399825
4 0.906124 0.486588 0.0133389 0.0131952
7 0.963497 0.906653 0.0730055 0.15579
4 0.68807 0.46893 0.0136293 0.015003
