3 0.477616 0.502013 0.037629 0.0740648
3 0.429421 0.437564 0.0512352 0.0945778
3 0.347415 0.530214 0.0523864 0.0955614
3 0.330829 0.424019 0.0463252 0.0847679
3 0.649675 0.524461 0.0241068 0.0496679
3 0.383269 0.488521 0.0357929 0.0725707
4 0.571486 0.75581 0.0389505 0.0401483
1 0.4996 0.839023 0.143438 0.178516
5 0.311894 0.34168 0.00957117 0.0545759
5 0.411254 0.340344 0.00875435 0.0630999
6 0.472974 0.469578 0.0297934 0.0470812
5 0.485153 0.342661 0.0101097 0.0540053
5 0.395707 0.347569 0.00634527 0.0424916
6 0.409722 0.486119 0.0137913 0.0394712
7 0.363159 0.577262 0.0223916 0.0353704
6 0.328571 0.476396 0.0246811 0.0380525
6 0.326207 0.470625 0.0277352 0.0313107
5 0.463252 0.345483 0.00726881 0.050017
5 0.438545 0.34495 0.00685081 0.0497925
5 0.320004 0.340835 0.00922689 0.0490421
5 0.364319 0.346474 0.00844173 0.0529393
