3 0.0352357 0.617043 0.0466537 0.072838
3 0.715302 0.511796 0.0456503 0.0875521
3 0.584684 0.516236 0.0459373 0.088853
3 0.669546 0.437497 0.0564554 0.09386
3 0.206595 0.432952 0.0226057 0.0452031
3 0.294336 0.462407 0.0152974 0.0298713
3 0.263352 0.458597 0.0159257 0.0298208
3 0.179798 0.395617 0.0276722 0.046731
3 0.566392 0.419189 0.0334654 0.0726008
3 0.614873 0.48515 0.0337873 0.0731176
4 0.947272 0.608377 0.0217249 0.0304778
3 0.132316 0.441968 0.0292489 0.0451235
4 0.0807025 0.490155 0.0223056 0.0128449
3 0.106683 0.396213 0.0280839 0.0442724
5 0.654386 0.34055 0.00894101 0.0532705
5 0.729702 0.342316 0.00810089 0.052191
5 0.568108 0.341687 0.00864811 0.0492066
6 0.710143 0.474275 0.0322336 0.0457363
6 0.566859 0.461654 0.0186758 0.02773
5 0.629529 0.34672 0.0074213 0.0403168
7 0.706607 0.562606 0.028705 0.0306735
5 0.69526 0.341334 0.0088707 0.0543177
5 0.594352 0.342176 0.00871773 0.0521345
7 0.598178 0.570877 0.0217036 0.037305
5 0.561447 0.342051 0.0096714 0.0514412
5 0.558029 0.34381 0.00829004 0.0461614
5 0.702663 0.343442 0.00943782 0.0474584
