3 0.721134 0.561755 0.156672 0.252679
3 0.968549 0.522 0.0624683 0.203719
3 0.934073 0.947798 0.131853 0.104405
7 0.706833 0.865442 0.0789183 0.123642
0 0.495397 0.764028 0.168256 0.360405
5 0.731494 0.327522 0.0162251 0.105251
5 0.795288 0.329959 0.0184071 0.09897
5 0.686255 0.31729 0.0203868 0.126993
5 0.71191 0.304745 0.0275282 0.159624
5 0.951057 0.265306 0.0681927 0.271726
7 0.720581 0.955594 0.0735231 0.0882482
6 0.746061 0.725675 0.102861 0.136263
6 0.729589 0.732578 0.0707703 0.147721
3 0.756977 0.712122 0.146484 0.202787
6 0.722216 0.750502 0.0428558 0.136878
6 0.724407 0.71585 0.0601736 0.11598
