3 0.745891 0.440022 0.0615444 0.107371
3 0.755941 0.572803 0.0690353 0.12135
3 0.279627 0.709741 0.0555282 0.100943
3 0.572991 0.546915 0.0554042 0.111179
3 0.659152 0.465421 0.0692638 0.13463
3 0.592619 0.433807 0.0495962 0.0940332
5 0.631703 0.337692 0.0106544 0.0769102
5 0.788352 0.335501 0.0110739 0.0723552
1 0.500764 0.725954 0.145231 0.418042
5 0.768659 0.336517 0.0147429 0.0736341
7 0.732328 0.642026 0.043916 0.0429984
7 0.583397 0.614472 0.033042 0.053914
5 0.68926 0.336772 0.0122856 0.0835795
6 0.577646 0.488557 0.0259295 0.0479987
6 0.756837 0.49658 0.0313112 0.0457524
1 0.499923 0.83312 0.145699 0.197288
5 0.560612 0.342416 0.01131 0.0681162
5 0.572238 0.338795 0.00966892 0.0634135
6 0.737627 0.528711 0.0354973 0.0483415
6 0.586774 0.504707 0.0311914 0.0533621
5 0.743389 0.341612 0.0103262 0.0495941
6 0.754677 0.504044 0.0275974 0.0467268
6 0.76387 0.501682 0.0366707 0.0410187
6 0.570706 0.485733 0.0322355 0.0467233
