3 0.0634472 0.698029 0.126894 0.195953
3 0.0528865 0.478173 0.105773 0.14552
3 0.629146 0.444176 0.0168453 0.0300756
3 0.511549 0.392779 0.021269 0.0368318
6 0.0230532 0.622671 0.0456131 0.0737881
3 0.547707 0.429894 0.0211437 0.0379836
3 0.558811 0.390126 0.0149221 0.0325456
3 0.486327 0.427603 0.0192513 0.0372559
5 0.0818986 0.330058 0.0225037 0.100954
6 0.0812994 0.577397 0.044099 0.0557748
5 0.0179302 0.319158 0.0301368 0.112736
5 0.0376869 0.334966 0.0171363 0.0811745
3 0.529001 0.424164 0.0183602 0.0351324
3 0.551185 0.432745 0.0264786 0.0353053
7 0.0318107 0.826168 0.0636215 0.118737
0 0.50024 0.763261 0.160618 0.368196
6 0.013488 0.579725 0.026382 0.0609508
6 0.0183616 0.594799 0.0367231 0.0854438
0 0.499918 0.849195 0.165606 0.182704
