3 0.919138 0.468373 0.100108 0.147217
3 0.18273 0.483927 0.0219936 0.0348572
3 0.0605059 0.513765 0.0295948 0.0444492
3 0.772058 0.567036 0.070497 0.116074
3 0.272948 0.393357 0.0216338 0.0376121
3 0.329064 0.394368 0.0239104 0.0426738
3 0.34975 0.42576 0.0186075 0.0406105
3 0.197526 0.481245 0.0186615 0.0362528
3 0.744552 0.438601 0.0565607 0.0943458
3 0.291622 0.435746 0.0261111 0.043463
3 0.804559 0.518165 0.0499649 0.0883255
4 0.50064 0.793465 0.0204672 0.0641888
5 0.975843 0.333035 0.0170887 0.0880497
5 0.902229 0.334828 0.0196392 0.0891555
7 0.865992 0.660663 0.0325096 0.0415677
7 0.880884 0.584081 0.0246714 0.0479694
6 0.739168 0.489692 0.0337284 0.0517998
3 0.97232 0.579893 0.0553595 0.127084
7 0.790914 0.640038 0.0305701 0.0544881
7 0.737601 0.591319 0.040801 0.0676204
5 0.732344 0.338787 0.00947342 0.0565651
5 0.960271 0.339379 0.0132778 0.0677102
5 0.751652 0.337009 0.0116226 0.0634185
5 0.788744 0.340647 0.0113903 0.0723643
1 0.499787 0.838873 0.144559 0.190165
4 0.242619 0.479098 0.0182047 0.0176032
6 0.944144 0.541343 0.0463255 0.0547171
5 0.795431 0.337775 0.0138528 0.0733587
7 0.93383 0.667261 0.0444675 0.0437312
6 0.9758 0.534918 0.0473034 0.0637678
5 0.831125 0.342577 0.00951595 0.0528732
