3 0.426184 0.530949 0.0515692 0.0944037
3 0.0997694 0.571967 0.0429034 0.0666962
3 0.338617 0.439004 0.0560026 0.101577
4 0.495446 0.792071 0.026153 0.0715813
3 0.322214 0.506644 0.0487925 0.0844338
3 0.46778 0.424333 0.0423534 0.0838437
3 0.371166 0.416891 0.0350827 0.0764043
7 0.35985 0.581518 0.027648 0.0381852
5 0.407303 0.340592 0.00896149 0.0595767
7 0.324491 0.566075 0.0346204 0.052095
5 0.445542 0.341667 0.00947609 0.056792
5 0.313012 0.341522 0.0107783 0.0585879
6 0.354986 0.489247 0.0242583 0.0405342
5 0.342648 0.341732 0.00974706 0.0583294
5 0.38317 0.346799 0.00774469 0.0431511
5 0.451583 0.344155 0.0117403 0.049093
5 0.340366 0.341696 0.0086484 0.0605976
6 0.464395 0.470152 0.0262012 0.0351383
