3 0.244742 0.507322 0.0942384 0.150006
3 0.296927 0.335314 0.113324 0.185719
4 0.425813 0.716415 0.085013 0.0685486
4 0.330381 0.605435 0.0657869 0.117208
4 0.322931 0.155239 0.0510226 0.171346
4 0.567592 0.415405 0.0708692 0.0632131
4 0.207926 0.687019 0.0724155 0.0796561
3 0.933098 0.244353 0.0561836 0.0819062
3 0.814486 0.256627 0.05114 0.0766452
3 0.703364 0.268666 0.0444581 0.0689729
6 0.337408 0.418725 0.0462718 0.0925858
4 0.441821 0.427775 0.057851 0.126654
7 0.244317 0.594429 0.0599918 0.0809175
3 0.654443 0.440335 0.0247728 0.0447327
6 0.502524 0.435071 0.0452026 0.0886366
4 0.509387 0.598593 0.0601334 0.105757
3 0.709285 0.439888 0.0200996 0.0436703
5 0.24248 0.143349 0.0170994 0.111976
5 0.208221 0.186089 0.0196802 0.107909
4 0.445474 0.268176 0.0263691 0.0904141
3 0.746792 0.483488 0.0225855 0.0419876
7 0.43511 0.605423 0.0363853 0.0728244
7 0.434057 0.584349 0.0342617 0.117657
3 0.664792 0.483342 0.0285591 0.0446816
7 0.26737 0.597718 0.046346 0.0777337
7 0.435412 0.557279 0.0292543 0.0642592
5 0.451017 0.139807 0.014721 0.120919
4 0.578175 0.645112 0.0313355 0.123003
5 0.55439 0.216842 0.0111404 0.0691381
5 0.228761 0.202711 0.0157464 0.0862114
6 0.249121 0.427584 0.0401354 0.0722895
5 0.737116 0.393245 0.00941896 0.0516563
7 0.550455 0.568966 0.0243844 0.0429237
5 0.52319 0.173939 0.017635 0.135208
5 0.525138 0.160909 0.013657 0.10759
5 0.209691 0.195163 0.0256861 0.129778
