3 0.407107 0.363056 0.149103 0.256528
6 0.46277 0.481605 0.0453238 0.0980066
4 0.256294 0.498689 0.123141 0.138944
7 0.462261 0.719735 0.0415901 0.0875615
3 0.698012 0.335479 0.121166 0.201947
7 0.670707 0.605396 0.0579565 0.0835278
3 0.321177 0.551954 0.0722837 0.197238
6 0.671902 0.46357 0.0689207 0.102224
3 0.870489 0.243639 0.03204 0.0743898
7 0.588666 0.715688 0.0591136 0.0900845
3 0.984147 0.346018 0.0305252 0.054464
3 0.56389 0.503923 0.0940491 0.175927
5 0.332187 0.0975987 0.0214042 0.138403
5 0.444904 0.0937139 0.0206173 0.150701
6 0.599929 0.48831 0.0938631 0.14899
7 0.667416 0.68992 0.062133 0.0852141
7 0.429635 0.57365 0.0392838 0.098428
5 0.258576 0.10648 0.023199 0.121285
5 0.712601 0.110094 0.0181654 0.137106
7 0.360671 0.704451 0.0513511 0.084441
5 0.744757 0.117005 0.0142048 0.108771
5 0.624509 0.110389 0.0274055 0.161053
3 0.873956 0.309909 0.0205753 0.0492085
5 0.536764 0.132917 0.015346 0.0977282
6 0.60416 0.402796 0.0267571 0.087547
6 0.52751 0.390493 0.0245266 0.0817335
7 0.365508 0.608137 0.0201031 0.0680793
7 0.318182 0.676123 0.0388567 0.055953
3 0.744658 0.243763 0.0378162 0.0572323
5 0.413512 0.129606 0.0149999 0.0985457
6 0.357136 0.468222 0.0453966 0.0847127
6 0.312405 0.442752 0.0517983 0.101747
4 0.598801 0.489419 0.0895969 0.14857
