3 0.271904 0.342994 0.109035 0.182341
3 0.249643 0.505988 0.0902877 0.143535
4 0.398529 0.427588 0.0452761 0.125061
4 0.284138 0.169921 0.0570924 0.160029
4 0.548894 0.418471 0.072682 0.0793942
7 0.517773 0.582394 0.0539618 0.0800463
4 0.295614 0.598869 0.0777927 0.121727
3 0.885966 0.238941 0.0573246 0.0823637
4 0.37917 0.706415 0.0851166 0.060326
7 0.249106 0.595201 0.0515033 0.0849639
4 0.1976 0.672926 0.0622323 0.0799843
4 0.544853 0.646114 0.0411802 0.125484
4 0.45524 0.273038 0.0348517 0.100678
3 0.839092 0.4845 0.026726 0.0465268
4 0.476494 0.599764 0.0530584 0.10987
6 0.302305 0.417404 0.0482299 0.0844788
3 0.764945 0.257659 0.0491797 0.0790352
3 0.993091 0.228693 0.0129076 0.0814277
3 0.750742 0.482655 0.0293957 0.0478348
5 0.221255 0.159357 0.0162102 0.0945847
6 0.442628 0.442804 0.0286346 0.0600423
3 0.738515 0.438524 0.026381 0.0516797
5 0.210088 0.210695 0.0268269 0.115418
4 0.322944 0.214383 0.0269706 0.0957946
5 0.207611 0.200539 0.0169103 0.0891262
5 0.504448 0.249946 0.00900669 0.0691293
5 0.403787 0.155677 0.0160797 0.135227
7 0.443357 0.55584 0.0230793 0.0668881
5 0.486068 0.167883 0.0136639 0.117231
6 0.238112 0.429449 0.0578346 0.0786972
4 0.522465 0.623411 0.0291555 0.0541879
5 0.372223 0.267261 0.011797 0.0887272
5 0.547795 0.202926 0.0141956 0.103267
5 0.50376 0.260256 0.0137579 0.0909974
7 0.394561 0.605922 0.0242718 0.0855219
5 0.240809 0.20903 0.0136621 0.0649637
6 0.467486 0.433797 0.025573 0.0640519
5 0.528824 0.229295 0.05611 0.167878
5 0.788147 0.384874 0.0109406 0.0556119
5 0.539592 0.224896 0.0314918 0.150545
5 0.373188 0.274402 0.0176087 0.105326
5 0.501135 0.271581 0.0200332 0.119582
5 0.212052 0.216036 0.0447206 0.11674
5 0.221105 0.17871 0.0246732 0.13375
