3 0.80172 0.53546 0.0319595 0.0540098
3 0.72334 0.522993 0.0540005 0.0960122
3 0.644631 0.426435 0.0527849 0.0916011
3 0.616678 0.488067 0.0428322 0.0790087
3 0.76656 0.423563 0.0503719 0.0888584
3 0.462083 0.52116 0.0243093 0.0468763
3 0.180282 0.662669 0.0562892 0.0968376
5 0.655891 0.344531 0.0094298 0.0561336
5 0.781255 0.343245 0.011305 0.0526654
5 0.756124 0.342768 0.0098732 0.0561613
6 0.656494 0.472367 0.0219931 0.0373354
4 0.550896 0.516649 0.0147396 0.0154213
4 0.991281 0.573991 0.0169514 0.0285029
5 0.670108 0.348956 0.00792675 0.0444322
5 0.717607 0.341363 0.00966454 0.0547097
7 0.617576 0.541222 0.0297461 0.041433
6 0.703987 0.485434 0.0216904 0.0301124
5 0.610255 0.346307 0.0107759 0.0514162
7 0.700967 0.568663 0.019508 0.0349412
