3 0.58348 0.47783 0.0337418 0.0666892
3 0.492484 0.466562 0.0282049 0.0593672
3 0.959016 0.60673 0.0499607 0.0728503
4 0.921433 0.65691 0.0404514 0.0353072
3 0.523643 0.435468 0.0276562 0.0231185
4 0.194098 0.622417 0.0229672 0.0364217
3 0.400614 0.440581 0.0137772 0.0254684
4 0.399416 0.539058 0.0198016 0.0156981
3 0.557984 0.453795 0.0207659 0.0529885
3 0.435754 0.434488 0.017985 0.0227551
3 0.521413 0.429168 0.0275709 0.0278161
5 0.578673 0.350189 0.00944138 0.0431786
3 0.43526 0.429463 0.0176188 0.0239409
7 0.570834 0.515604 0.0166704 0.0316054
5 0.51047 0.343475 0.00897999 0.0506599
