3 0.910684 0.492596 0.115639 0.162298
3 0.846661 0.925122 0.111508 0.14711
3 0.664789 0.620199 0.0397636 0.0803369
3 0.114856 0.960182 0.114888 0.0755731
6 0.940118 0.58333 0.0454674 0.0868368
3 0.72011 0.385446 0.0190264 0.0331351
3 0.850461 0.578144 0.0891407 0.125133
3 0.722068 0.423641 0.0205656 0.0368175
7 0.849087 0.668325 0.0642281 0.110224
3 0.756118 0.38881 0.0228613 0.0408534
7 0.928177 0.741863 0.0468464 0.0809161
5 0.940636 0.330689 0.0204174 0.110214
5 0.869781 0.333562 0.0170897 0.0896795
1 0.501334 0.723099 0.146661 0.413626
5 0.976353 0.339089 0.0147926 0.072074
3 0.776521 0.386824 0.0200616 0.037738
5 0.836689 0.333817 0.0110611 0.0700418
3 0.77796 0.423797 0.0165604 0.0347651
3 0.576263 0.475802 0.0171803 0.0344508
5 0.913009 0.339316 0.0116898 0.074598
3 0.744677 0.418141 0.0176308 0.0376769
6 0.872815 0.556209 0.0412338 0.0731394
4 0.603513 0.493697 0.0178195 0.0176042
6 0.839818 0.520532 0.0313446 0.0585217
5 0.85192 0.335627 0.0121626 0.0691356
