3 0.119231 0.46345 0.0844639 0.126396
3 0.633853 0.634782 0.0441689 0.0834416
3 0.248191 0.582244 0.0732078 0.130568
3 0.139194 0.553066 0.07109 0.089795
3 0.508327 0.528591 0.0267496 0.0320826
3 0.223066 0.433776 0.0507102 0.0987066
3 0.329227 0.442556 0.0593842 0.11282
3 0.0790092 0.722783 0.0580413 0.107818
7 0.158752 0.656338 0.0473493 0.0440666
3 0.308767 0.512255 0.0546416 0.0888584
1 0.498261 0.727926 0.144185 0.393491
5 0.0826264 0.335368 0.0156002 0.0769503
4 0.50434 0.747357 0.0324516 0.0749411
5 0.113802 0.331068 0.0131832 0.0739722
5 0.130888 0.339186 0.01025 0.062422
5 0.0959291 0.336315 0.0126791 0.0722097
6 0.145349 0.531379 0.0447608 0.050785
5 0.205156 0.33301 0.0129591 0.0698782
3 0.147969 0.544603 0.0513516 0.0782363
4 0.44133 0.54992 0.0218513 0.0239925
