3 0.586965 0.546888 0.055724 0.104459
3 0.776079 0.422947 0.0210499 0.0349183
3 0.686488 0.447525 0.0610202 0.11093
3 0.778679 0.386979 0.0206856 0.0343504
3 0.705485 0.526089 0.0451428 0.0901822
3 0.915535 0.480176 0.0218594 0.0363112
3 0.746085 0.38722 0.0206831 0.0344207
3 0.53928 0.428017 0.0424358 0.0892656
3 0.644161 0.422574 0.032873 0.0798364
4 0.413987 0.580212 0.0238203 0.0209486
5 0.712269 0.33881 0.0105342 0.064561
6 0.663729 0.503792 0.0235918 0.0483116
5 0.67922 0.341391 0.0101181 0.0683703
4 0.302831 0.601747 0.0270435 0.023407
5 0.608394 0.343529 0.0118419 0.0767374
5 0.66993 0.349367 0.0104689 0.0665934
5 0.562628 0.34051 0.0115482 0.0649989
5 0.678287 0.343783 0.0135666 0.0761784
7 0.660625 0.605058 0.028455 0.0380293
7 0.692119 0.594193 0.0322184 0.0461123
5 0.633577 0.347703 0.00842247 0.0518593
7 0.696932 0.586891 0.0383736 0.0548358
3 0.753037 0.413518 0.0151075 0.0290264
