3 0.727397 0.51994 0.0501205 0.0901554
3 0.662741 0.419752 0.0435778 0.0806214
3 0.805208 0.427345 0.0543625 0.0869134
3 0.78593 0.499155 0.0444703 0.0751127
3 0.664284 0.482117 0.0399334 0.0617401
3 0.72261 0.413619 0.035367 0.0678755
3 0.601101 0.478744 0.0223315 0.0401128
3 0.40167 0.812516 0.0712995 0.143851
3 0.525027 0.496153 0.0239496 0.0476595
3 0.42391 0.506848 0.0255793 0.0294407
5 0.71182 0.3456 0.00980129 0.0630021
5 0.812584 0.340967 0.0103424 0.0543722
7 0.65425 0.530649 0.0231551 0.0380099
7 0.781949 0.566257 0.0309632 0.0345798
5 0.757468 0.340842 0.00901699 0.0513466
5 0.788687 0.345296 0.00768426 0.0475458
5 0.790275 0.345513 0.00905507 0.0423915
5 0.741835 0.353126 0.0068491 0.054421
5 0.66952 0.348068 0.0084856 0.0466715
7 0.787244 0.562201 0.0291845 0.0335975
5 0.827147 0.343719 0.00980015 0.0538272
5 0.669044 0.353565 0.00948734 0.0597801
7 0.708943 0.564754 0.0137838 0.0330005
4 0.496884 0.796751 0.0223306 0.0693634
7 0.797164 0.536801 0.0221376 0.0195352
7 0.799348 0.543026 0.0246929 0.029448
