6 0.635024 0.549614 0.0476744 0.0971455
6 0.35861 0.552399 0.053454 0.0984285
6 0.354349 0.605728 0.0653915 0.087055
3 0.505301 0.588604 0.0937555 0.166316
3 0.62618 0.688017 0.0843142 0.153965
3 0.035779 0.0562514 0.0509299 0.0750856
3 0.201147 0.0547557 0.0499971 0.0715302
3 0.663925 0.0572943 0.0481133 0.0736937
4 0.453758 0.909483 0.0729662 0.0440743
3 0.731133 0.0623691 0.0473827 0.075194
3 0.364105 0.0523686 0.0499423 0.0712828
6 0.594994 0.520108 0.052259 0.0879274
7 0.390196 0.788734 0.0708054 0.0953942
4 0.640772 0.838007 0.050411 0.0968396
3 0.0198098 0.398058 0.0394764 0.0915848
6 0.639947 0.414928 0.0527617 0.146572
6 0.378596 0.324126 0.0357623 0.113473
0 0.125566 0.36076 0.0799225 0.0316216
6 0.609634 0.320228 0.0360158 0.115619
4 0.589305 0.225757 0.0132046 0.0375854
