3 0.638296 0.602712 0.144292 0.240117
3 0.407077 0.362229 0.149252 0.256298
6 0.463177 0.482104 0.0450204 0.0974864
4 0.258852 0.499653 0.128998 0.133713
7 0.463358 0.720083 0.0434423 0.0897802
3 0.322208 0.550104 0.0696876 0.201313
6 0.597597 0.482847 0.100532 0.139259
3 0.983945 0.345486 0.0308655 0.0555329
7 0.590069 0.714834 0.0552259 0.0833918
3 0.6967 0.335821 0.120703 0.204177
5 0.33237 0.0963803 0.021233 0.144473
3 0.864913 0.242211 0.0440481 0.0723951
5 0.445083 0.0927131 0.0197582 0.148296
7 0.429192 0.573073 0.0378979 0.0963287
3 0.868802 0.3104 0.0313168 0.0499598
5 0.25867 0.105985 0.0227001 0.121632
5 0.744819 0.116848 0.0140472 0.109269
7 0.360788 0.703156 0.0508692 0.0834812
3 0.565203 0.499945 0.0954874 0.173278
5 0.712678 0.110613 0.0178249 0.135764
6 0.604225 0.398254 0.025099 0.0813259
5 0.625336 0.106991 0.0257023 0.156445
5 0.537253 0.132312 0.0149493 0.0970921
6 0.68876 0.447668 0.0545523 0.0743442
3 0.74443 0.242611 0.0379143 0.054115
5 0.413582 0.130138 0.0154356 0.0974111
6 0.527723 0.38979 0.0247162 0.0802222
7 0.365208 0.607573 0.021115 0.0661562
7 0.32072 0.676046 0.0335645 0.0532727
6 0.355558 0.46853 0.0480587 0.0849675
4 0.98287 0.397548 0.0107468 0.0442638
5 0.619576 0.130807 0.0181301 0.111725
6 0.316669 0.447289 0.0434727 0.0907927
