0 0.499841 0.835867 0.145914 0.186758
3 0.496151 0.435322 0.04888 0.0962157
3 0.422189 0.519784 0.0455062 0.0938397
3 0.364726 0.515715 0.0250943 0.0449133
3 0.535414 0.41539 0.0375055 0.0725998
3 0.552477 0.508738 0.0434644 0.0859427
3 0.420238 0.419991 0.0428163 0.0791283
4 0.943116 0.707861 0.0501808 0.0486682
3 0.470872 0.485778 0.031488 0.0678941
4 0.71614 0.562228 0.0244673 0.0200702
6 0.434773 0.478128 0.0235585 0.0504075
6 0.547409 0.470563 0.0260704 0.0456189
6 0.551515 0.463478 0.0282499 0.0371309
5 0.421614 0.341547 0.00906067 0.0516273
7 0.434052 0.569923 0.0259021 0.0403033
5 0.563234 0.345143 0.0102877 0.0539398
3 0.522512 0.496727 0.0138027 0.0428544
7 0.434352 0.571189 0.0295806 0.0513576
6 0.412494 0.461101 0.0212649 0.0332341
