3 0.637498 0.59717 0.141941 0.247601
3 0.406821 0.362005 0.14972 0.256927
4 0.265222 0.497539 0.130013 0.131698
7 0.462956 0.719273 0.0433787 0.0898851
6 0.463171 0.481597 0.045394 0.0962563
3 0.697603 0.317926 0.116837 0.163849
3 0.983389 0.345225 0.0319645 0.0566174
3 0.863856 0.242543 0.0449974 0.075407
3 0.324777 0.550063 0.0649358 0.202039
5 0.445072 0.0918037 0.0203999 0.149946
5 0.332067 0.0955317 0.0220338 0.141394
7 0.589574 0.716797 0.0587894 0.0894197
3 0.86819 0.313245 0.0315569 0.0560626
3 0.565144 0.500653 0.0955773 0.171482
5 0.258414 0.105898 0.0235076 0.120663
5 0.744745 0.116138 0.0145806 0.108306
5 0.712812 0.112695 0.0199972 0.140222
7 0.360776 0.704512 0.0508159 0.0822032
5 0.624529 0.108713 0.0275214 0.15744
7 0.429731 0.572532 0.0391193 0.100701
5 0.537175 0.132774 0.0155391 0.0974001
4 0.649321 0.423017 0.11184 0.120254
6 0.527445 0.389869 0.0240911 0.082299
5 0.413414 0.130028 0.0152216 0.0973117
3 0.744108 0.242724 0.0373234 0.0569049
6 0.585447 0.493863 0.042588 0.0691639
6 0.355336 0.465519 0.0487997 0.0914013
6 0.606392 0.384257 0.0220029 0.0530818
7 0.365404 0.606487 0.0214777 0.0724157
5 0.619911 0.122962 0.0201931 0.128165
4 0.982678 0.401421 0.0115612 0.0365536
6 0.648022 0.420665 0.113305 0.122978
