3 0.253347 0.792067 0.0711737 0.134476
3 0.641078 0.428616 0.0492542 0.0896185
1 0.499685 0.835395 0.145552 0.191242
3 0.72385 0.53546 0.0563608 0.104525
3 0.785691 0.429054 0.0536952 0.0946011
3 0.579343 0.411392 0.0164678 0.0298841
3 0.681036 0.415495 0.0321316 0.07526
3 0.765694 0.528982 0.0207321 0.0483093
3 0.629818 0.493998 0.0494922 0.0814481
3 0.604517 0.385436 0.0185036 0.0336585
5 0.711458 0.340927 0.00983219 0.067206
6 0.654381 0.480174 0.022129 0.0494748
7 0.619991 0.54428 0.0308191 0.0523215
5 0.663009 0.34481 0.00855745 0.0540296
5 0.798207 0.34269 0.012145 0.0571874
7 0.652002 0.567352 0.0281256 0.0444103
3 0.605553 0.401127 0.0192013 0.0498923
6 0.776502 0.476753 0.0307629 0.0366224
5 0.648212 0.343861 0.0106047 0.0548845
3 0.578925 0.379533 0.0163632 0.0319122
5 0.619945 0.341044 0.00975666 0.0533073
7 0.692568 0.57372 0.0150772 0.0490512
5 0.626074 0.34248 0.0139183 0.0548481
5 0.691607 0.346166 0.0081789 0.0430715
7 0.695178 0.574596 0.0149899 0.0513315
