3 0.963114 0.7561 0.0737716 0.149676
3 0.328823 0.577474 0.157967 0.26912
3 0.500879 0.552172 0.0376824 0.0662064
3 0.0654623 0.920563 0.130925 0.158875
3 0.0436952 0.718265 0.0872063 0.205339
4 0.966615 0.865938 0.0377525 0.111153
6 0.284453 0.740902 0.0872461 0.124857
3 0.209707 0.490296 0.0905893 0.157107
5 0.0160921 0.279112 0.0318587 0.262864
5 0.306691 0.299162 0.0265617 0.172359
5 0.383168 0.316332 0.0181741 0.138546
5 0.343339 0.33068 0.0137753 0.0915049
5 0.172226 0.331773 0.0164361 0.0886457
5 0.251278 0.331024 0.0153432 0.0852915
6 0.0587985 0.604881 0.0463114 0.0919954
4 0.558378 0.643481 0.0186516 0.0299803
0 0.498525 0.760722 0.155493 0.360037
6 0.365756 0.786377 0.0594436 0.11849
3 0.353164 0.69229 0.103081 0.122611
6 0.364103 0.875549 0.072815 0.0886841
