3 0.652717 0.592785 0.047375 0.0801826
3 0.109928 0.606136 0.0940227 0.136122
3 0.506466 0.538792 0.0349652 0.0612794
3 0.244688 0.456008 0.0719076 0.119062
3 0.415229 0.506287 0.0273703 0.0488298
3 0.277375 0.532517 0.0431839 0.0877974
3 0.0272576 0.456522 0.0545153 0.148774
0 0.496728 0.750095 0.161368 0.371116
3 0.191401 0.434429 0.0488537 0.0951241
4 0.649854 0.663198 0.015225 0.0588375
6 0.149692 0.544996 0.0335603 0.0671851
6 0.223267 0.520113 0.0333743 0.0563725
4 0.415826 0.550609 0.011303 0.0392715
4 0.506504 0.596022 0.0114771 0.0452672
5 0.283834 0.34542 0.0104234 0.0614487
3 0.0938399 0.525472 0.0602559 0.0725772
7 0.228432 0.638187 0.033662 0.0572029
6 0.266706 0.497016 0.0360757 0.0468146
5 0.269582 0.340879 0.0125018 0.0618656
7 0.268368 0.610965 0.033755 0.062
5 0.228567 0.339689 0.0107155 0.0681298
5 0.0448954 0.333882 0.0241922 0.0784147
