3 0.968182 0.579681 0.0634922 0.129861
3 0.665782 0.551768 0.0288301 0.0536717
3 0.42704 0.617877 0.0379066 0.0773442
3 0.854934 0.446684 0.0719011 0.115371
3 0.798833 0.519299 0.0496771 0.0929893
7 0.942969 0.634253 0.0349527 0.0383032
7 0.869328 0.616286 0.0244518 0.0463077
4 0.497724 0.79464 0.021984 0.0659709
4 0.186251 0.633114 0.0279303 0.0574988
7 0.823322 0.592636 0.0273346 0.0523405
4 0.453043 0.593255 0.0228303 0.0313389
7 0.872152 0.554004 0.0154778 0.0500884
5 0.878387 0.340089 0.0150433 0.0733419
3 0.95481 0.513213 0.0447731 0.067274
5 0.837962 0.344179 0.0102978 0.0626089
1 0.499895 0.725911 0.140652 0.404657
4 0.558014 0.537957 0.00977459 0.0179872
4 0.399514 0.625549 0.0184649 0.0251349
5 0.982796 0.339067 0.0197083 0.0811309
6 0.806201 0.479594 0.0288061 0.05417
5 0.828047 0.343601 0.0112646 0.0644416
7 0.797748 0.570914 0.0327566 0.0479275
1 0.501525 0.82039 0.147502 0.218872
5 0.952646 0.34569 0.0108654 0.0598021
7 0.988602 0.652378 0.0227955 0.0280263
6 0.877324 0.505611 0.0238617 0.0502561
5 0.79962 0.342467 0.0140122 0.0538549
