3 0.751526 0.427001 0.0484955 0.0834066
3 0.682545 0.490007 0.04156 0.0746535
3 0.816425 0.505916 0.0495081 0.0802794
3 0.317077 0.482529 0.0218308 0.0340149
3 0.405213 0.415623 0.0186167 0.0327263
4 0.413808 0.879979 0.0339188 0.0910566
3 0.688514 0.411107 0.0384003 0.0673302
3 0.447284 0.413587 0.0162226 0.0330614
3 0.431673 0.38395 0.0176506 0.0340895
3 0.73933 0.481465 0.0290045 0.0577861
3 0.809085 0.414716 0.0446844 0.072019
3 0.394559 0.382311 0.0176099 0.0322033
3 0.362292 0.447639 0.0156582 0.0261363
4 0.497699 0.801218 0.0228947 0.079252
3 0.320245 0.472563 0.0204332 0.0314727
5 0.842581 0.344592 0.0084322 0.04671
5 0.761141 0.350737 0.0077713 0.0543687
4 0.334615 0.679687 0.0186465 0.0416796
6 0.808661 0.473399 0.0321884 0.0356689
5 0.807612 0.345893 0.00731773 0.0366992
5 0.828442 0.342821 0.0100445 0.0450233
7 0.802598 0.548263 0.0274063 0.0316293
6 0.813661 0.466974 0.0263935 0.0333288
3 0.356236 0.475637 0.0147408 0.0320981
5 0.734603 0.346602 0.00947914 0.0558417
5 0.732851 0.349241 0.0101513 0.0528051
5 0.69083 0.346736 0.00915394 0.0425382
7 0.689856 0.533741 0.0239273 0.0335955
6 0.769163 0.47674 0.0166979 0.050619
3 0.324452 0.46664 0.0155184 0.0265645
5 0.688539 0.34519 0.00917505 0.0475614
6 0.697225 0.458738 0.0209633 0.0397496
6 0.796157 0.471456 0.0186334 0.033505
5 0.692328 0.347586 0.00814953 0.0467671
