3 0.415348 0.546007 0.194922 0.32607
3 0.679592 0.755891 0.170347 0.28352
3 0.665528 0.427687 0.117171 0.192238
3 0.225941 0.724467 0.149409 0.255707
3 0.322796 0.393446 0.120922 0.202096
6 0.646781 0.639249 0.101781 0.111486
5 0.770316 0.15616 0.0247697 0.150083
5 0.668853 0.164461 0.017029 0.118537
5 0.714798 0.144543 0.0296725 0.182698
3 0.528411 0.253883 0.0300423 0.0516555
3 0.617091 0.253216 0.0313279 0.0542528
5 0.485412 0.129423 0.0271364 0.191855
6 0.239684 0.608602 0.106272 0.121534
5 0.301768 0.127549 0.031181 0.191662
6 0.493738 0.674136 0.0367397 0.109976
6 0.342928 0.661633 0.047342 0.0884035
3 0.791121 0.304054 0.0186355 0.0329394
6 0.693529 0.522086 0.0612177 0.122923
3 0.528391 0.552284 0.0424973 0.158458
5 0.548948 0.179002 0.0157484 0.104787
5 0.737508 0.165574 0.0157673 0.119483
5 0.333447 0.172028 0.0139322 0.0991767
5 0.158691 0.146514 0.0329489 0.167948
5 0.248103 0.170586 0.0161276 0.111605
