3 0.271949 0.343166 0.108856 0.183181
3 0.248787 0.506904 0.0900886 0.143205
4 0.398459 0.427365 0.0453459 0.125735
4 0.294988 0.599583 0.0793179 0.12244
4 0.548929 0.41843 0.0727525 0.0784043
4 0.28383 0.170587 0.0577259 0.159924
4 0.379114 0.706414 0.0851432 0.0597204
3 0.88593 0.238043 0.0565237 0.0802259
7 0.518112 0.581521 0.0531034 0.0801632
4 0.476384 0.599758 0.0522205 0.108077
7 0.254574 0.603984 0.0613719 0.101899
4 0.19809 0.673908 0.0632758 0.0843616
3 0.765063 0.257492 0.0485064 0.0783094
4 0.545094 0.645922 0.0424608 0.126888
3 0.839215 0.484063 0.0255684 0.0449086
6 0.302581 0.420888 0.048281 0.0832094
4 0.455199 0.274234 0.0346262 0.101597
3 0.993038 0.228391 0.0130007 0.0848349
5 0.221206 0.157642 0.0155225 0.0896705
3 0.750621 0.481998 0.0293177 0.0486233
3 0.738657 0.437544 0.0271666 0.0492182
5 0.504156 0.2499 0.00905294 0.0686451
6 0.443269 0.440382 0.0270874 0.0598189
4 0.32299 0.213434 0.0262388 0.0959513
4 0.521558 0.625216 0.0294395 0.0509972
5 0.210867 0.210225 0.0271545 0.116011
5 0.403672 0.155982 0.0165065 0.13717
5 0.485668 0.170217 0.0147003 0.121113
5 0.208309 0.199491 0.0174087 0.0902351
6 0.470034 0.430289 0.0297045 0.0705673
7 0.393825 0.60395 0.0250683 0.086288
5 0.372162 0.263829 0.0115673 0.0829009
5 0.548081 0.202164 0.0138134 0.103433
5 0.503095 0.263523 0.0144271 0.0955289
7 0.442473 0.55775 0.0223978 0.0632022
6 0.467916 0.442434 0.0254473 0.0705305
5 0.241128 0.209523 0.0125726 0.0641229
5 0.50036 0.272506 0.0211572 0.116627
6 0.237025 0.429078 0.0569686 0.078935
5 0.788462 0.382093 0.0113676 0.0523
5 0.838661 0.386706 0.0124737 0.0472031
