3 0.965497 0.712198 0.0690056 0.196949
3 0.835347 0.477914 0.0943348 0.151396
3 0.879222 0.647362 0.0534069 0.0848715
7 0.84195 0.715335 0.052104 0.082689
0 0.500941 0.831941 0.145833 0.183131
6 0.852447 0.568927 0.0533386 0.0771876
4 0.499265 0.791557 0.0205824 0.0692277
4 0.235388 0.744827 0.016615 0.0546249
5 0.8425 0.331826 0.0145954 0.093304
5 0.85614 0.339354 0.0132469 0.0722197
4 0.560902 0.575138 0.0211576 0.020857
5 0.973543 0.334772 0.0331619 0.148173
3 0.837973 0.584281 0.0833893 0.0984641
5 0.81032 0.334631 0.0144222 0.0837743
5 0.820345 0.334394 0.010561 0.0788888
3 0.505809 0.581596 0.0287146 0.0316756
5 0.940355 0.334731 0.0147749 0.0690577
7 0.819489 0.63857 0.0330898 0.0666109
3 0.929468 0.662584 0.0159485 0.0621624
7 0.810183 0.671749 0.0491583 0.0767406
5 0.941395 0.341022 0.0182812 0.0880515
5 0.977246 0.323882 0.0314789 0.12322
