3 0.0433953 0.936367 0.0866026 0.127265
6 0.939872 0.712515 0.0693455 0.0859248
3 0.746698 0.479387 0.09359 0.145212
3 0.751406 0.712416 0.125449 0.206051
0 0.49918 0.754675 0.161641 0.368283
3 0.234581 0.659979 0.0655025 0.108732
3 0.967303 0.601598 0.0653946 0.267041
3 0.863491 0.615046 0.0975338 0.142909
4 0.239156 0.743638 0.0223727 0.0744066
6 0.792937 0.649169 0.0700579 0.0982808
5 0.718734 0.327455 0.0173847 0.108707
5 0.777352 0.317623 0.0216129 0.12682
7 0.783792 0.8493 0.0689217 0.0972919
5 0.916998 0.334145 0.0155293 0.0821325
5 0.986442 0.30879 0.0271163 0.188413
5 0.989974 0.304325 0.0200516 0.176643
5 0.839032 0.335578 0.0146507 0.0756028
5 0.750911 0.335795 0.0130735 0.0767715
6 0.727403 0.584628 0.0457468 0.0569542
5 0.992873 0.282 0.0137684 0.131155
6 0.801422 0.654588 0.0562929 0.0921514
