3 0.283465 0.885141 0.108094 0.196109
3 0.279678 0.643983 0.0567735 0.0991822
3 0.277179 0.554672 0.0393687 0.0710434
3 0.554643 0.497857 0.0405622 0.0817483
3 0.674211 0.499198 0.0414207 0.0834946
3 0.551318 0.411428 0.0376781 0.0663372
3 0.623028 0.428649 0.0453037 0.0880064
3 0.658131 0.411113 0.034716 0.0628434
3 0.850433 0.533532 0.0286461 0.0523005
3 0.940884 0.394137 0.0303793 0.0447274
3 0.987101 0.438738 0.0253071 0.0459144
4 0.283807 0.725748 0.0195168 0.0701019
3 0.594037 0.473041 0.0281145 0.0599045
4 0.500435 0.793655 0.0186848 0.0646045
3 0.905394 0.429842 0.0237783 0.0374091
3 0.964381 0.429735 0.0187922 0.0377031
6 0.665638 0.469794 0.0250023 0.0320846
5 0.55783 0.344593 0.009375 0.0440104
5 0.686086 0.341086 0.0095499 0.0517766
6 0.639247 0.469886 0.0190248 0.0381533
5 0.645667 0.34295 0.00861556 0.0507465
1 0.499583 0.724603 0.142093 0.419897
5 0.53975 0.344653 0.0108547 0.0423759
7 0.663754 0.543437 0.0234823 0.0330384
5 0.608486 0.345402 0.00916328 0.0480259
3 0.920602 0.387304 0.0136307 0.036181
1 0.500284 0.821289 0.145372 0.214497
7 0.564823 0.541699 0.0232303 0.0380409
6 0.640658 0.473465 0.0185219 0.0489296
5 0.684281 0.343584 0.009456 0.0453286
