3 0.464502 0.547445 0.0579258 0.0989421
0 0.499295 0.851443 0.164579 0.183084
3 0.543407 0.435357 0.0546484 0.0972577
3 0.384465 0.436609 0.0589862 0.0994124
3 0.532148 0.502573 0.0458458 0.0690833
3 0.465717 0.421994 0.0400623 0.0735143
5 0.43674 0.342613 0.00987492 0.0614536
3 0.397833 0.50129 0.0405317 0.0593132
6 0.396664 0.495767 0.0384976 0.0466949
5 0.362983 0.341632 0.0107994 0.0515663
5 0.547095 0.343949 0.0100033 0.0540845
5 0.487178 0.344009 0.0118124 0.0615028
7 0.385578 0.550579 0.0187893 0.0326887
5 0.528052 0.344317 0.00858822 0.050421
5 0.56186 0.345233 0.00998268 0.0528985
5 0.377987 0.343195 0.0102187 0.0554552
5 0.484077 0.344947 0.0113333 0.0555639
7 0.380264 0.573464 0.0296172 0.0381243
