3 0.51439 0.425113 0.045311 0.0888962
3 0.382078 0.428684 0.0483333 0.0895847
3 0.451315 0.526713 0.0468441 0.0926612
3 0.622166 0.781238 0.0626223 0.125022
3 0.391209 0.494517 0.0384993 0.0687271
3 0.446474 0.4149 0.0324806 0.0695319
3 0.503737 0.488204 0.0359913 0.0636505
4 0.275163 0.536791 0.0195864 0.0169044
4 0.11042 0.607987 0.0325537 0.0267635
1 0.500037 0.832532 0.144406 0.187284
5 0.529127 0.345999 0.0090704 0.0503967
5 0.43007 0.338955 0.00907488 0.0518236
7 0.399813 0.568129 0.0227441 0.0396838
5 0.391085 0.342934 0.00874605 0.0447952
5 0.517297 0.343903 0.00913239 0.0490677
5 0.460604 0.345968 0.00796413 0.0611477
7 0.38067 0.540943 0.0229667 0.0352373
4 0.0050564 0.67444 0.00998441 0.0278966
5 0.471618 0.344945 0.00911655 0.0582711
5 0.388604 0.342144 0.00902996 0.0514521
7 0.380123 0.554063 0.0265877 0.0361558
5 0.380998 0.341388 0.00795917 0.0479923
3 0.38755 0.460568 0.0397397 0.0460835
5 0.368518 0.341466 0.0077074 0.0464101
5 0.515366 0.344632 0.00862923 0.0525916
