0 0.499359 0.850194 0.170968 0.190466
3 0.517012 0.424087 0.0453463 0.0792404
3 0.307754 0.50053 0.029914 0.0488946
3 0.393216 0.423015 0.0434029 0.0753582
3 0.163859 0.533106 0.0414705 0.061281
3 0.444038 0.508703 0.0465922 0.0851549
3 0.526961 0.483961 0.03954 0.061064
4 0.166906 0.585923 0.0149881 0.0448057
4 0.309535 0.544737 0.0118936 0.0402571
3 0.479673 0.412099 0.0293297 0.0632125
3 0.41631 0.474458 0.0375884 0.0580075
3 0.410124 0.477209 0.0348505 0.0508164
5 0.511685 0.344011 0.00780354 0.0444635
3 0.4006 0.477987 0.0171009 0.0439167
5 0.494371 0.347582 0.0062149 0.0364271
5 0.538235 0.346615 0.00947526 0.0463372
7 0.52729 0.5252 0.0227797 0.0355372
4 0.164834 0.586125 0.0295488 0.0472802
