3 0.317009 0.488705 0.0378978 0.0707349
3 0.431146 0.409182 0.0328253 0.0641205
3 0.71619 0.534102 0.0296769 0.0513131
3 0.58975 0.520212 0.0253523 0.0462694
3 0.363378 0.423284 0.0419136 0.0784075
3 0.794921 0.388209 0.0196558 0.0368112
3 0.426833 0.484587 0.0380787 0.0715783
3 0.77473 0.424717 0.0226715 0.0359158
3 0.333201 0.408357 0.0314256 0.058999
3 0.739208 0.389921 0.0224529 0.0412294
3 0.388349 0.46462 0.0222954 0.0577796
3 0.719774 0.41999 0.0200729 0.03764
4 0.913724 0.486449 0.0198208 0.0178227
4 0.50185 0.79266 0.0219077 0.0642619
5 0.34376 0.344997 0.00956354 0.0402118
5 0.440973 0.348539 0.00861435 0.0396332
3 0.64552 0.449675 0.0134075 0.0284675
1 0.50255 0.720119 0.148067 0.423721
5 0.422607 0.346238 0.00959826 0.0381062
3 0.374567 0.453028 0.0317309 0.0544335
5 0.306219 0.345734 0.0118537 0.0411006
5 0.318754 0.34618 0.00771882 0.0392151
1 0.500208 0.8304 0.146491 0.194573
6 0.352691 0.454452 0.0180738 0.0301718
7 0.416306 0.52594 0.0241034 0.0328222
