5 0.966391 0.305847 0.0466503 0.196088
3 0.845642 0.517736 0.124108 0.201311
3 0.956445 0.869003 0.0871101 0.248993
7 0.841901 0.838651 0.0822563 0.148661
3 0.0509291 0.481311 0.0473987 0.0704603
3 0.361673 0.685087 0.0490795 0.0979651
3 0.413284 0.589272 0.0349916 0.0705585
5 0.831778 0.320638 0.0289063 0.123153
3 0.121195 0.413525 0.0419351 0.0604846
3 0.17022 0.46221 0.0336146 0.059886
3 0.0225516 0.412193 0.0380055 0.0540056
6 0.847676 0.635691 0.0659489 0.10621
4 0.504214 0.751469 0.0387214 0.078812
5 0.882447 0.331127 0.0193256 0.100775
6 0.946806 0.716246 0.0406528 0.100705
3 0.0842009 0.462156 0.0353986 0.0597419
7 0.834821 0.772777 0.0665424 0.124833
3 0.933375 0.651726 0.0932463 0.165442
3 0.150495 0.403046 0.0224422 0.0446762
1 0.499499 0.72951 0.142819 0.399687
7 0.0687998 0.514672 0.0215069 0.0314921
