3 0.411986 0.946597 0.0929873 0.0973239
3 0.805591 0.548363 0.0314095 0.0519018
0 0.5006 0.831675 0.145758 0.185684
3 0.919138 0.552486 0.0734062 0.11052
6 0.968357 0.537107 0.0445944 0.0765696
3 0.875696 0.388893 0.0235832 0.0355087
3 0.945195 0.462199 0.0924711 0.126106
4 0.497906 0.761511 0.0192537 0.0748817
3 0.874905 0.426608 0.0239946 0.0354464
7 0.911379 0.624918 0.0442488 0.0903792
5 0.909638 0.338894 0.0154221 0.0673792
5 0.934527 0.34091 0.00923614 0.0637731
7 0.955572 0.666181 0.0461533 0.0776812
5 0.960303 0.335237 0.0135649 0.0798338
6 0.920729 0.516449 0.0427782 0.0541553
5 0.917945 0.337024 0.0136272 0.067706
5 0.913201 0.338263 0.0187111 0.0710995
6 0.918655 0.523496 0.0560581 0.0578096
