3 0.681842 0.617506 0.0408617 0.0810685
3 0.593254 0.617381 0.0390821 0.0814893
3 0.256191 0.551708 0.0634411 0.110492
3 0.784831 0.691204 0.0581337 0.106283
3 0.0759592 0.393978 0.027792 0.0428817
3 0.308762 0.429419 0.048788 0.0910922
3 0.13445 0.456178 0.0769366 0.126251
3 0.0249815 0.392028 0.0249869 0.0403295
3 0.119869 0.54457 0.0662431 0.104014
3 0.190578 0.430126 0.0465776 0.0852114
3 0.0338405 0.43505 0.0309351 0.0434208
6 0.161592 0.513456 0.0323453 0.0539306
7 0.134814 0.615001 0.041534 0.0489598
5 0.136815 0.337678 0.0100057 0.0701417
7 0.171331 0.616917 0.0377475 0.0445124
3 0.272624 0.487802 0.0409146 0.0524782
5 0.314381 0.340231 0.00963583 0.0565042
5 0.104768 0.33989 0.0131701 0.0685883
5 0.288329 0.343202 0.00928392 0.0566164
5 0.290989 0.344292 0.00846078 0.0471893
5 0.161761 0.341172 0.010782 0.0561332
7 0.232116 0.615635 0.0176995 0.0489021
5 0.0834167 0.334612 0.0126691 0.0583334
3 0.0732689 0.404108 0.0244771 0.0491555
3 0.239855 0.457556 0.0167804 0.0336274
5 0.138353 0.341931 0.0149809 0.074559
7 0.127976 0.609437 0.0496081 0.0502674
5 0.259672 0.341274 0.00999575 0.0480546
4 0.504961 0.786327 0.0261021 0.078265
6 0.306834 0.478677 0.0285924 0.0378122
6 0.228508 0.503977 0.0157351 0.0525372
5 0.203512 0.343528 0.00808973 0.0473145
5 0.0974579 0.336835 0.0153321 0.0675071
