3 0.30889 0.631016 0.0412729 0.0776738
3 0.676554 0.53601 0.0502955 0.0913916
3 0.722951 0.445569 0.0433977 0.0854765
3 0.603138 0.446281 0.0477237 0.086312
3 0.520265 0.517809 0.0210039 0.0418132
3 0.544299 0.409425 0.0204613 0.0341514
4 0.735367 0.693693 0.0155144 0.0507446
3 0.584326 0.505791 0.0397619 0.0736253
3 0.629821 0.435304 0.0277346 0.0661664
5 0.610596 0.370911 0.00891469 0.0515302
3 0.518178 0.436939 0.0182911 0.0334143
3 0.431321 0.47462 0.0153296 0.0306
5 0.704755 0.366503 0.0119732 0.0531684
5 0.666539 0.367047 0.0106222 0.0546227
3 0.517214 0.406882 0.0171103 0.0285043
5 0.638549 0.369774 0.00659904 0.0414203
5 0.731668 0.365929 0.00971909 0.0507482
5 0.585544 0.368662 0.00888252 0.0460681
3 0.625145 0.492955 0.0349255 0.0490682
