3 0.25873 0.772621 0.0902551 0.150554
0 0.49991 0.850786 0.166267 0.183432
3 0.832317 0.58678 0.0845833 0.125038
4 0.264621 0.892649 0.0311618 0.102999
3 0.969703 0.47175 0.0603149 0.146554
3 0.887165 0.439632 0.0644228 0.101764
3 0.774996 0.519349 0.0606844 0.0887138
3 0.748206 0.443711 0.0627174 0.106486
5 0.920023 0.343401 0.0109512 0.0569599
3 0.96522 0.578436 0.0695597 0.0949821
5 0.879259 0.337789 0.0141235 0.0812095
5 0.795018 0.345051 0.00817502 0.0513666
7 0.94614 0.67313 0.0619425 0.0455117
3 0.960644 0.390134 0.0248188 0.0346091
6 0.758014 0.508849 0.0364265 0.0595244
5 0.993399 0.338323 0.0125063 0.0878042
5 0.864588 0.343249 0.0102028 0.052761
6 0.952952 0.544779 0.0547392 0.0558462
5 0.73738 0.34345 0.0102358 0.0541945
5 0.808935 0.338419 0.0111523 0.0712965
7 0.750343 0.604226 0.0440779 0.0741528
7 0.795896 0.635819 0.0153597 0.0506483
7 0.981649 0.640966 0.0360157 0.0451636
5 0.760324 0.344914 0.00916901 0.0512537
5 0.743311 0.34362 0.011277 0.0594818
7 0.944655 0.618679 0.0231628 0.028172
5 0.74129 0.342872 0.0125799 0.0593867
7 0.863741 0.657998 0.015292 0.0480799
