3 0.290358 0.714715 0.245225 0.438296
3 0.0969649 0.542219 0.159823 0.232203
5 0.271433 0.247602 0.0425858 0.319647
3 0.558865 0.581372 0.0333792 0.0667779
3 0.207789 0.466955 0.0189271 0.0309448
5 0.359213 0.28267 0.0414502 0.205869
5 0.0368289 0.315338 0.0254773 0.132577
5 0.364081 0.283482 0.028836 0.196573
5 0.157018 0.320133 0.0211533 0.124128
3 0.300015 0.390743 0.0164177 0.0380954
6 0.0487792 0.694752 0.0271533 0.115868
7 0.0689994 0.890756 0.0325999 0.168566
4 0.47915 0.511042 0.013608 0.0175812
3 0.297528 0.43003 0.0227435 0.0349168
6 0.259899 0.950038 0.0925124 0.0977004
7 0.326587 0.936279 0.0577639 0.118931
