3 0.873091 0.436488 0.0551783 0.0479438
3 0.961541 0.526266 0.0348705 0.0449349
3 0.490077 0.555375 0.031962 0.0564545
3 0.787263 0.48516 0.043572 0.0695569
3 0.906536 0.486161 0.0418549 0.0700994
3 0.755219 0.428184 0.0365522 0.0255917
4 0.931009 0.529859 0.0256119 0.017551
6 0.904641 0.449466 0.0251692 0.0284195
7 0.842662 0.537802 0.0163208 0.0308831
6 0.852613 0.455679 0.0212708 0.0328553
6 0.887169 0.465863 0.0259876 0.0377757
7 0.80174 0.525479 0.0177666 0.0352156
6 0.804213 0.445694 0.0131981 0.0393386
