3 0.0544499 0.813086 0.1089 0.266889
3 0.266905 0.691432 0.0575325 0.10043
3 0.658958 0.440072 0.0254124 0.0442778
3 0.671638 0.392977 0.0182429 0.0360884
5 0.106287 0.326952 0.0209614 0.108959
3 0.618021 0.395847 0.0259565 0.0431479
5 0.0574565 0.313549 0.0337822 0.136318
3 0.0747661 0.502608 0.136378 0.180504
3 0.52594 0.469116 0.0184969 0.0338336
7 0.121694 0.755513 0.0335679 0.0613854
6 0.0824665 0.619426 0.0851931 0.131781
4 0.787053 0.487747 0.0178776 0.0106988
3 0.667617 0.392307 0.0214043 0.0399211
3 0.589747 0.441193 0.0199429 0.0394913
5 0.079957 0.328224 0.0184861 0.0961745
