3 0.0553425 0.779119 0.110255 0.157969
0 0.499782 0.853762 0.165751 0.184457
3 0.741938 0.455011 0.071342 0.117257
4 0.0656635 0.897672 0.0421474 0.109525
3 0.624064 0.558332 0.0638214 0.108868
3 0.904363 0.445419 0.0224916 0.0306722
3 0.834884 0.427141 0.0258526 0.0379066
3 0.570446 0.43492 0.0492556 0.0947607
3 0.758183 0.542035 0.0580046 0.0957056
3 0.83863 0.388132 0.0232166 0.0344339
5 0.770075 0.342136 0.011349 0.0577424
3 0.800669 0.39173 0.0237835 0.0345372
3 0.691451 0.427759 0.0426136 0.0830497
6 0.71396 0.513248 0.0358604 0.0566433
5 0.78621 0.341377 0.00945104 0.0524963
3 0.804639 0.420328 0.0208862 0.0316364
5 0.73518 0.341018 0.0102886 0.0602386
7 0.744874 0.610369 0.0348932 0.0397135
5 0.562634 0.342931 0.00964947 0.0497662
6 0.576157 0.486587 0.030228 0.0482421
5 0.716191 0.345843 0.00794888 0.0507484
7 0.709084 0.619435 0.0347397 0.0384482
4 0.237163 0.962434 0.078513 0.0612986
7 0.573455 0.572666 0.0317476 0.0610233
5 0.589642 0.345646 0.00846405 0.0500944
5 0.784794 0.342813 0.010881 0.0574529
6 0.650021 0.51326 0.0201242 0.0520135
