3 0.271943 0.342582 0.108882 0.184174
3 0.249246 0.507848 0.0892405 0.146145
4 0.398474 0.427133 0.045207 0.125573
4 0.283106 0.170735 0.0533942 0.157254
4 0.37888 0.706381 0.0858481 0.0590522
4 0.549269 0.415996 0.0665665 0.0660892
3 0.885972 0.238124 0.0558983 0.0796443
3 0.765104 0.257496 0.0485346 0.0782023
4 0.198023 0.673815 0.0615602 0.0809218
3 0.839239 0.484107 0.025494 0.0449522
6 0.302473 0.420946 0.0481928 0.0833169
4 0.455288 0.274175 0.0344959 0.10129
3 0.992979 0.22842 0.013113 0.0847267
5 0.221238 0.15746 0.0159843 0.0905074
3 0.7506 0.482027 0.0294985 0.0489448
7 0.5178 0.58159 0.0533868 0.0803806
3 0.738688 0.437592 0.0271546 0.0492538
6 0.443197 0.440554 0.0269514 0.0595335
4 0.321317 0.213704 0.0299681 0.0946517
4 0.542629 0.663114 0.0382874 0.0942081
5 0.504144 0.249773 0.00897541 0.0684574
7 0.247163 0.585091 0.0490994 0.0704831
5 0.211059 0.210335 0.0279984 0.117149
5 0.403637 0.156296 0.0166231 0.137885
4 0.501534 0.438303 0.0310719 0.0703688
5 0.485652 0.170371 0.014736 0.121478
4 0.489395 0.56684 0.0283485 0.0503045
7 0.443152 0.557212 0.0234983 0.0665443
5 0.372154 0.263758 0.0114816 0.0825568
5 0.208134 0.199187 0.0177846 0.0914338
6 0.466209 0.44366 0.0233503 0.067777
6 0.470774 0.431365 0.0296338 0.0740548
5 0.548058 0.202287 0.0137999 0.102981
5 0.502972 0.264276 0.0144318 0.0968786
7 0.490024 0.565255 0.0292807 0.0546349
5 0.240949 0.209844 0.0131368 0.0641905
5 0.500059 0.272937 0.0215882 0.11787
6 0.237254 0.429046 0.0573441 0.0791122
5 0.788385 0.382206 0.0113403 0.0523156
5 0.838569 0.387471 0.0125557 0.0479574
