3 0.302961 0.497945 0.0452157 0.0792473
3 0.369791 0.417852 0.0423186 0.0794708
3 0.265483 0.414038 0.0413607 0.0707815
3 0.646521 0.576028 0.0354141 0.0693154
3 0.396082 0.474402 0.030541 0.0636659
3 0.470965 0.528927 0.024565 0.0469922
1 0.499108 0.729353 0.142629 0.401885
3 0.467261 0.382558 0.0161955 0.030371
3 0.489988 0.409974 0.016617 0.0294261
3 0.434681 0.454256 0.0145706 0.0341056
3 0.450327 0.411184 0.015665 0.0376559
4 0.500776 0.793662 0.019081 0.0671766
4 0.594739 0.974019 0.0742571 0.0502244
3 0.304231 0.453954 0.0401371 0.0368999
3 0.565637 0.448725 0.0144962 0.0281373
5 0.358529 0.345465 0.00815115 0.0405438
3 0.492181 0.382554 0.0140873 0.0285225
6 0.270719 0.455408 0.0219185 0.0276561
5 0.371537 0.345594 0.0092577 0.0379087
