3 0.407114 0.362015 0.149849 0.258558
3 0.637461 0.609336 0.143194 0.227265
4 0.892353 0.872253 0.070233 0.200862
4 0.247837 0.501119 0.132457 0.137309
7 0.462316 0.71937 0.0437165 0.0914756
3 0.31938 0.556621 0.0777407 0.195918
3 0.69884 0.336444 0.118548 0.201076
7 0.589697 0.716413 0.0565836 0.0878015
6 0.462103 0.479854 0.0456802 0.0966063
3 0.983968 0.345547 0.0311802 0.0554185
6 0.594075 0.477684 0.0536648 0.096346
3 0.5697 0.500394 0.10563 0.171887
5 0.332275 0.0963931 0.0221329 0.136697
3 0.873152 0.313832 0.0225691 0.0549788
5 0.444955 0.0923609 0.0203936 0.147673
7 0.361197 0.705683 0.0506348 0.0833172
3 0.874783 0.242077 0.0200565 0.0728566
5 0.2579 0.105686 0.0246076 0.122022
5 0.712754 0.110754 0.018286 0.136663
7 0.429709 0.573244 0.0384697 0.100501
5 0.744683 0.118012 0.0141116 0.111232
5 0.624519 0.109201 0.0257867 0.159361
6 0.605739 0.396665 0.0250367 0.0814499
5 0.537018 0.133138 0.0164843 0.0980202
7 0.315557 0.67318 0.0394521 0.0586833
6 0.686618 0.442714 0.0537243 0.0622296
6 0.52763 0.389482 0.0240566 0.0791265
5 0.412737 0.126894 0.0133068 0.094511
3 0.745254 0.242768 0.038618 0.0574601
7 0.365409 0.608836 0.0211972 0.0718636
6 0.356867 0.467004 0.0492337 0.0918177
6 0.313108 0.444767 0.0507399 0.106305
