3 0.668033 0.461185 0.0193638 0.0309989
3 0.91668 0.539887 0.068503 0.102489
3 0.594469 0.800799 0.0612139 0.136259
4 0.639441 0.859829 0.0303965 0.0951262
3 0.622873 0.470201 0.0166363 0.0319853
3 0.817295 0.429794 0.0576512 0.0913992
3 0.715537 0.38433 0.0183271 0.0325898
3 0.782755 0.493659 0.0439682 0.0839504
3 0.687298 0.412385 0.0172354 0.0305033
7 0.785819 0.545311 0.0381401 0.0545494
3 0.734453 0.414053 0.016473 0.0329786
3 0.9764 0.427552 0.0472 0.113094
6 0.790883 0.461874 0.0327845 0.0473193
7 0.883438 0.585112 0.0222157 0.0452614
6 0.834818 0.479346 0.0250204 0.0479136
5 0.860588 0.346656 0.00991745 0.056261
5 0.963505 0.341011 0.0125927 0.0650622
3 0.685498 0.38236 0.0163605 0.0302944
7 0.831294 0.572657 0.0181412 0.0402424
3 0.918329 0.476754 0.0374191 0.0371385
1 0.499902 0.732843 0.14557 0.389509
5 0.832775 0.343898 0.0106617 0.0621901
3 0.704059 0.411871 0.0158922 0.0321844
5 0.788573 0.344712 0.0090332 0.0558753
6 0.976652 0.481684 0.0448917 0.041689
3 0.683523 0.376924 0.0141232 0.0270106
5 0.780056 0.347007 0.00810337 0.0525016
3 0.733643 0.385123 0.0164236 0.0314318
5 0.909925 0.363387 0.0342461 0.0997777
6 0.890177 0.489576 0.0234032 0.0482737
5 0.860092 0.364748 0.0119297 0.0939734
5 0.795159 0.346091 0.00926889 0.0549079
7 0.976308 0.567012 0.0267118 0.0340458
