3 0.969515 0.824189 0.0609699 0.138405
3 0.60551 0.557408 0.0310842 0.0534496
3 0.933934 0.579912 0.0895218 0.123161
3 0.402505 0.674133 0.0497229 0.0898834
3 0.80556 0.454222 0.074979 0.113921
3 0.47947 0.537419 0.0268223 0.0477132
3 0.729026 0.528826 0.0528313 0.093744
3 0.959963 0.444458 0.0800741 0.109438
3 0.668466 0.279346 0.0247141 0.0416967
3 0.861601 0.519757 0.0419117 0.0882753
6 0.737287 0.486613 0.0369324 0.0602943
3 0.768651 0.420658 0.0497728 0.0683085
4 0.394378 0.586763 0.0219461 0.0250048
5 0.837546 0.346167 0.0120796 0.0779623
0 0.51047 0.751679 0.164473 0.377654
5 0.727599 0.344911 0.0112246 0.0541914
5 0.970964 0.342365 0.0123581 0.0567029
6 0.906102 0.527501 0.0459789 0.0490577
4 0.562811 0.534991 0.0197854 0.0141003
5 0.787699 0.346097 0.00897808 0.0581006
5 0.989332 0.338338 0.0158283 0.0641084
7 0.898803 0.63722 0.0456499 0.0395389
6 0.830904 0.520226 0.0182484 0.0652393
5 0.940124 0.336076 0.0163738 0.0726443
6 0.734431 0.494812 0.0424387 0.049264
7 0.735976 0.584101 0.0337694 0.048859
5 0.852518 0.347184 0.00987949 0.053293
5 0.752672 0.346232 0.00899887 0.0456991
5 0.777893 0.342812 0.0116099 0.061594
