3 0.730556 0.674427 0.226746 0.403731
5 0.697455 0.293623 0.0292692 0.184761
3 0.456085 0.817285 0.105777 0.270468
3 0.173817 0.627328 0.20291 0.338152
5 0.231781 0.303882 0.0283318 0.167908
5 0.522578 0.306359 0.0198618 0.145793
5 0.852796 0.264307 0.0509598 0.272608
5 0.0643003 0.285493 0.0468354 0.212943
5 0.414445 0.311454 0.0203501 0.140282
6 0.624251 0.832086 0.0478241 0.124014
3 0.0570984 0.715562 0.0581356 0.106877
6 0.413912 0.675804 0.0239285 0.108282
6 0.276193 0.768936 0.0318691 0.131762
