3 0.0722241 0.772563 0.144448 0.454875
3 0.462578 0.528502 0.117969 0.22098
3 0.336577 0.672486 0.0919062 0.185542
3 0.745155 0.612691 0.0399785 0.0678871
5 0.508999 0.286097 0.0254105 0.197822
3 0.955214 0.467696 0.0407894 0.0633659
5 0.409882 0.257211 0.034358 0.284884
6 0.37319 0.915553 0.106399 0.128766
3 0.430312 0.903768 0.21283 0.192464
5 0.157087 0.323005 0.0233074 0.115094
6 0.475809 0.674427 0.0676426 0.131336
5 0.369998 0.32659 0.0152079 0.101978
5 0.295833 0.324594 0.0156795 0.100184
3 0.122705 0.534387 0.138915 0.225907
6 0.477636 0.768218 0.076217 0.0953282
5 0.462513 0.320281 0.014958 0.109462
5 0.0407124 0.313475 0.0332141 0.143372
3 0.976808 0.405278 0.038977 0.051231
3 0.164613 0.44164 0.0332354 0.0497392
