3 0.642725 0.443791 0.0616481 0.114843
3 0.365811 0.509932 0.0308956 0.0524543
3 0.513791 0.431094 0.0484417 0.0850388
0 0.497634 0.851107 0.17138 0.189611
3 0.542672 0.538471 0.0570923 0.0979121
3 0.685572 0.524952 0.0466496 0.086173
4 0.366602 0.556495 0.0134814 0.0393454
3 0.493287 0.499509 0.0290384 0.0500468
3 0.56118 0.488723 0.0330439 0.0631808
3 0.600838 0.491897 0.020507 0.0455883
5 0.555272 0.342707 0.00979443 0.0585594
5 0.629254 0.338923 0.0088604 0.0578268
6 0.509728 0.475061 0.0293354 0.039809
5 0.519554 0.345495 0.00914288 0.0498454
7 0.615501 0.600614 0.0231951 0.0359252
6 0.680198 0.486731 0.0295782 0.0443815
6 0.677693 0.49278 0.0290261 0.0452878
4 0.494956 0.543987 0.0158119 0.0395411
3 0.60235 0.49099 0.0267448 0.0529622
7 0.562479 0.592917 0.0243774 0.0377187
5 0.544702 0.348842 0.00792472 0.0435104
5 0.658816 0.34508 0.00675144 0.0407918
7 0.657869 0.590483 0.0304724 0.0391162
5 0.698395 0.341789 0.0126132 0.0497506
