3 0.245883 0.603086 0.0521279 0.0870329
3 0.541933 0.505616 0.0435795 0.0808566
3 0.687315 0.522994 0.0527835 0.097053
3 0.304493 0.529375 0.0344017 0.0577462
3 0.605636 0.436789 0.0527868 0.0946902
3 0.691244 0.424673 0.0482203 0.077848
4 0.307185 0.581897 0.0120223 0.0433456
3 0.563482 0.416533 0.038075 0.0696554
3 0.841989 0.243067 0.0237089 0.0343166
4 0.222249 0.670058 0.0237706 0.036394
4 0.25039 0.672668 0.0162369 0.0637656
6 0.549515 0.471123 0.0260941 0.0433036
3 0.63061 0.488404 0.0302208 0.0683036
0 0.498784 0.847777 0.164564 0.188753
6 0.545767 0.467904 0.0292181 0.0407309
6 0.672526 0.483219 0.0233053 0.0470613
5 0.71234 0.344489 0.00997009 0.0523109
6 0.700098 0.4674 0.0249166 0.0324611
5 0.582914 0.343317 0.0089112 0.0477715
6 0.669412 0.487176 0.0279588 0.0465918
5 0.690993 0.344609 0.0116405 0.0529817
5 0.536741 0.346621 0.0106794 0.0491404
7 0.667729 0.570873 0.0310101 0.0400036
5 0.533379 0.347362 0.00769825 0.0467597
