3 0.407282 0.3633 0.149388 0.256426
4 0.253995 0.499862 0.130836 0.134015
6 0.462288 0.481437 0.0451719 0.0968562
3 0.872265 0.244629 0.0292789 0.0755986
6 0.671939 0.464186 0.0694332 0.0996182
7 0.46279 0.719727 0.0414744 0.0888557
3 0.321855 0.551145 0.070438 0.197768
3 0.696995 0.336304 0.120723 0.199445
7 0.671107 0.60281 0.0575151 0.0852387
7 0.588781 0.715344 0.0594238 0.0892467
3 0.983523 0.345654 0.0311966 0.0548714
5 0.332188 0.0964912 0.0217866 0.141202
3 0.563696 0.503043 0.0940093 0.17606
3 0.872243 0.313541 0.0238735 0.053323
6 0.600229 0.486947 0.0931866 0.147502
5 0.445026 0.0912963 0.0205185 0.148707
7 0.429279 0.572944 0.0383675 0.0993513
7 0.667281 0.688068 0.0634775 0.0863587
5 0.258332 0.105492 0.0227636 0.122192
7 0.360914 0.702885 0.0513941 0.0818339
5 0.744629 0.117074 0.0141435 0.110055
5 0.712592 0.109804 0.0182268 0.135873
5 0.625399 0.107477 0.0259022 0.157632
5 0.537106 0.132719 0.0154619 0.0975396
6 0.603887 0.40211 0.0253996 0.0864743
5 0.413632 0.129765 0.0145054 0.0956685
6 0.52733 0.390174 0.0239527 0.0793577
7 0.365158 0.608148 0.020974 0.0680038
6 0.356079 0.467595 0.0471645 0.0855991
7 0.318718 0.675747 0.0355002 0.0511858
3 0.745722 0.24263 0.0400557 0.0575249
5 0.619566 0.118003 0.0183121 0.142059
4 0.982857 0.397819 0.0111118 0.0423425
4 0.597046 0.488581 0.0859947 0.14843
6 0.314681 0.448099 0.0487085 0.102027
