3 0.904479 0.622089 0.190517 0.313928
3 0.614655 0.875843 0.169949 0.246612
3 0.477293 0.526264 0.109126 0.210565
6 0.489165 0.664589 0.0690777 0.109592
3 0.683861 0.482754 0.0803522 0.157724
7 0.490387 0.87709 0.0717449 0.108227
3 0.0104592 0.83086 0.0207449 0.133783
5 0.700841 0.275845 0.0316454 0.223028
5 0.934475 0.274441 0.0646584 0.204284
5 0.454067 0.313923 0.0231058 0.133521
3 0.548328 0.634327 0.0761697 0.159231
3 0.659455 0.603315 0.0352903 0.0720534
5 0.840372 0.322507 0.0196472 0.107961
5 0.98313 0.286978 0.033741 0.168398
5 0.546008 0.294111 0.0264362 0.193427
5 0.513926 0.331913 0.0121756 0.0934491
5 0.565479 0.334227 0.0127841 0.0888334
7 0.489372 0.787481 0.0606809 0.100391
5 0.657472 0.329568 0.0130339 0.0764246
6 0.555193 0.731475 0.040069 0.07239
5 0.725323 0.329144 0.0135511 0.0875032
6 0.850387 0.778568 0.131745 0.126887
7 0.858982 0.849455 0.0511845 0.0813154
