3 0.621153 0.679388 0.0592432 0.11453
3 0.300098 0.746693 0.0649165 0.122654
3 0.260696 0.517679 0.0507853 0.0875632
3 0.410204 0.642338 0.0469628 0.0922578
3 0.019991 0.565351 0.0392846 0.0587047
3 0.170576 0.429864 0.0572016 0.0925236
3 0.316288 0.419003 0.0451359 0.0790807
4 0.617788 0.772762 0.0210352 0.0789591
3 0.233035 0.415156 0.0371289 0.077029
3 0.299748 0.480859 0.0415756 0.0660024
4 0.38575 0.850893 0.0216342 0.0840735
3 0.174291 0.504897 0.0505345 0.0703445
5 0.232164 0.343315 0.0080636 0.0594304
4 0.497416 0.793775 0.0215931 0.0676708
6 0.187098 0.474305 0.0289978 0.0355233
5 0.21309 0.343428 0.00978251 0.0591452
1 0.502116 0.723157 0.146807 0.408553
5 0.167746 0.343742 0.00962081 0.0582352
5 0.316885 0.348494 0.0111579 0.0542441
7 0.191061 0.565219 0.0291021 0.0406372
4 0.0983706 0.462763 0.016777 0.00935555
5 0.291909 0.347022 0.00790949 0.0415808
5 0.144817 0.344209 0.00963316 0.0586786
5 0.24643 0.347095 0.00827789 0.0496886
7 0.169657 0.553389 0.0314597 0.0427055
6 0.183529 0.498018 0.0357543 0.0698329
