3 0.801473 0.467 0.0371178 0.0650326
3 0.0277072 0.419731 0.0530739 0.0909122
3 0.85029 0.637646 0.0432259 0.0765388
3 0.127508 0.107217 0.0531325 0.0973597
3 0.667078 0.714339 0.0418579 0.0774913
4 0.841752 0.695315 0.0150974 0.0445862
4 0.455598 0.519631 0.0305996 0.0302842
3 0.0688354 0.293698 0.0476053 0.0825381
4 0.794657 0.521823 0.0114534 0.0427363
4 0.758055 0.378077 0.0130085 0.0484909
3 0.0050559 0.565558 0.010003 0.0733878
3 0.579066 0.354461 0.0299121 0.0634725
3 0.539302 0.36429 0.039068 0.0644952
4 0.576196 0.490387 0.0220549 0.0367718
6 0.447782 0.384616 0.030889 0.0421602
6 0.445708 0.395325 0.0330242 0.0460823
4 0.575191 0.454609 0.0297334 0.0382696
7 0.446243 0.453181 0.0301924 0.0404117
