0 0.500483 0.828049 0.142909 0.189102
3 0.2219 0.8966 0.0947645 0.167874
3 0.309021 0.457285 0.0322234 0.0581247
3 0.316342 0.401146 0.0275365 0.0391931
3 0.189949 0.497289 0.0258138 0.0397394
3 0.217231 0.462852 0.0341771 0.0602998
3 0.51821 0.527797 0.0255429 0.0426405
3 0.253057 0.410301 0.0349163 0.0574789
3 0.00975629 0.549524 0.0193607 0.0575376
3 0.440339 0.473232 0.021691 0.0384656
3 0.224234 0.402003 0.019813 0.0405738
3 0.282683 0.43738 0.0191481 0.0346609
4 0.397007 0.482952 0.0151467 0.0118026
3 0.28173 0.432377 0.0185572 0.0316883
