3 0.049692 0.53755 0.099384 0.225155
3 0.0138683 0.416813 0.0272849 0.0258383
5 0.0730879 0.323981 0.0253792 0.124411
3 0.127717 0.634423 0.0841854 0.148624
5 0.12745 0.331504 0.0219587 0.103608
4 0.292246 0.585122 0.0252832 0.0204153
4 0.503395 0.788716 0.0239941 0.0717574
6 0.109054 0.759146 0.0883006 0.159741
5 0.0373656 0.335101 0.0174722 0.0888156
1 0.50025 0.835279 0.144414 0.183175
7 0.00833532 0.859878 0.0166706 0.0558697
6 0.120696 0.742477 0.066155 0.130006
5 0.122452 0.33409 0.0292712 0.0992818
5 0.112414 0.332792 0.0154038 0.0878142
3 0.0138588 0.42426 0.0277177 0.0413376
1 0.499091 0.720995 0.140491 0.407077
