3 0.40716 0.361887 0.149617 0.257594
3 0.637508 0.61106 0.142995 0.225067
4 0.889371 0.870592 0.0725697 0.200967
7 0.463046 0.720014 0.0440518 0.0899716
3 0.318686 0.555923 0.0774192 0.199864
6 0.463141 0.481384 0.0448536 0.0972646
4 0.250325 0.500367 0.135931 0.136152
3 0.698636 0.336168 0.116605 0.201953
3 0.866585 0.24301 0.0396172 0.0751322
3 0.983936 0.345469 0.031081 0.055339
3 0.570337 0.500286 0.106969 0.172957
6 0.594038 0.479223 0.0579653 0.0964796
5 0.444864 0.0926082 0.020561 0.149175
5 0.332121 0.0977288 0.0221271 0.139054
7 0.589377 0.717295 0.0571285 0.0896556
3 0.871419 0.313668 0.0262836 0.0545566
7 0.360861 0.703609 0.0509469 0.0828369
7 0.314831 0.673128 0.0431948 0.0659758
5 0.74452 0.116879 0.0142139 0.108231
5 0.624777 0.107898 0.0259373 0.156256
7 0.429524 0.572932 0.0387352 0.1007
5 0.258323 0.106767 0.0236309 0.121418
5 0.71263 0.111821 0.0199466 0.136608
5 0.537104 0.13287 0.0158991 0.0973997
6 0.605687 0.396793 0.0254207 0.0776006
6 0.52687 0.391333 0.0249107 0.0840128
3 0.744809 0.242708 0.0382614 0.0580624
5 0.413102 0.128798 0.015793 0.0971162
6 0.686828 0.44285 0.0554839 0.0641457
6 0.313482 0.448691 0.0516429 0.102667
7 0.36573 0.609448 0.0205083 0.0671286
6 0.356965 0.467609 0.0493361 0.0852975
5 0.621408 0.11383 0.0221285 0.141899
