3 0.156539 0.446864 0.0672476 0.111242
3 0.0853561 0.608443 0.0974086 0.142861
3 0.816331 0.489537 0.0231361 0.039872
3 0.943026 0.520978 0.0317595 0.0479317
3 0.792215 0.460868 0.0220987 0.0361417
3 0.698148 0.398875 0.0269369 0.0469382
3 0.67425 0.437684 0.0211262 0.0433004
0 0.500769 0.834683 0.146811 0.184671
3 0.766937 0.398917 0.0255465 0.0382415
3 0.743743 0.447484 0.0289273 0.0525
4 0.497909 0.795021 0.0219009 0.0671255
5 0.0302698 0.361908 0.0267712 0.158039
6 0.15344 0.510886 0.0363906 0.0604429
5 0.0321033 0.344094 0.0206732 0.110718
5 0.161934 0.340977 0.0120582 0.0770617
5 0.110203 0.338461 0.0176655 0.0872474
3 0.0994424 0.51593 0.0516252 0.0580169
7 0.0529924 0.690911 0.0301451 0.0584568
4 0.791627 0.492579 0.0122995 0.0307025
5 0.0764259 0.345914 0.0130125 0.0732183
6 0.0414513 0.556866 0.0285071 0.0696779
5 0.123233 0.343619 0.0119143 0.0682264
7 0.0123388 0.601838 0.022484 0.0508096
