3 0.0526091 0.641263 0.105218 0.166725
3 0.196632 0.463052 0.0808123 0.134834
3 0.388704 0.549355 0.0278504 0.0564658
3 0.225591 0.545594 0.0614907 0.10369
3 0.138027 0.439926 0.055148 0.102464
5 0.179531 0.337546 0.0130195 0.0839353
5 0.236365 0.342676 0.0114693 0.0717542
5 0.163433 0.342566 0.0105953 0.0634586
6 0.174887 0.532567 0.0363567 0.0626093
5 0.0605898 0.327131 0.0186609 0.0863847
5 0.222195 0.339285 0.0145496 0.0691516
3 0.0130693 0.476681 0.0261385 0.147454
5 0.021723 0.334908 0.0134686 0.0622928
3 0.0325732 0.542226 0.0636662 0.0803585
3 0.831647 0.740429 0.0507355 0.0856443
