3 0.452857 0.492414 0.0395479 0.0771444
3 0.483857 0.410248 0.0341475 0.0662045
3 0.276896 0.413866 0.0179217 0.0314304
3 0.387785 0.417576 0.0423878 0.0756692
3 0.365215 0.481161 0.0367411 0.0793669
3 0.219583 0.432706 0.0140338 0.0258504
4 0.497857 0.795895 0.0240386 0.0689327
3 0.273511 0.382592 0.0172973 0.0305386
3 0.4501 0.63802 0.0396955 0.0850556
3 0.304385 0.384144 0.0201462 0.0326024
4 0.552556 0.585062 0.0213451 0.0240438
5 0.392017 0.344564 0.0082777 0.0448387
5 0.468993 0.346342 0.00778379 0.0415305
3 0.336151 0.420745 0.0129877 0.0300815
5 0.367289 0.345152 0.00926234 0.0443076
0 0.499573 0.835353 0.145173 0.182306
3 0.406722 0.403578 0.0248697 0.0549144
3 0.453704 0.448494 0.031106 0.0347073
6 0.401313 0.465675 0.0210493 0.0450039
5 0.363956 0.34632 0.00781574 0.0539681
5 0.389343 0.345481 0.00692139 0.056021
5 0.444121 0.346648 0.0104439 0.040567
3 0.218347 0.42964 0.0182526 0.0305408
4 0.220174 0.456867 0.00940838 0.0203461
