3 0.407128 0.361907 0.149097 0.256541
3 0.637357 0.611452 0.142671 0.223087
4 0.25242 0.498631 0.132358 0.136354
7 0.462987 0.719277 0.0437035 0.0898941
4 0.890697 0.860587 0.070356 0.211884
3 0.699769 0.335083 0.118476 0.200409
3 0.865785 0.244398 0.0413376 0.07941
3 0.320614 0.551163 0.0716629 0.197347
6 0.463179 0.481579 0.0453983 0.0966122
6 0.593846 0.478189 0.0590303 0.0977018
3 0.983379 0.345214 0.0319571 0.0567272
3 0.870969 0.314603 0.0249685 0.0560889
3 0.570499 0.500976 0.106598 0.171221
7 0.589804 0.716503 0.0598433 0.0890811
5 0.445072 0.0916805 0.0204452 0.149894
5 0.332035 0.0955943 0.0219854 0.140587
7 0.361122 0.704472 0.0502914 0.0818532
5 0.744498 0.116804 0.0141695 0.109086
5 0.258237 0.106059 0.0240046 0.121216
5 0.712397 0.111993 0.0184485 0.139441
7 0.429709 0.572511 0.0392536 0.100788
5 0.624581 0.108584 0.0277044 0.157464
6 0.6052 0.397382 0.0244723 0.0775111
5 0.537177 0.132781 0.0156518 0.0974776
6 0.527515 0.389743 0.0238249 0.0817681
7 0.316979 0.675372 0.0375234 0.0522468
5 0.413428 0.129616 0.0153704 0.0978088
3 0.745143 0.243127 0.0395369 0.060132
6 0.690525 0.444472 0.0573904 0.0693014
7 0.365404 0.60638 0.0215211 0.0722705
6 0.356285 0.471586 0.0484481 0.0855525
5 0.620085 0.119815 0.020637 0.134033
4 0.982698 0.401694 0.011488 0.0363859
