3 0.0489802 0.550609 0.0979604 0.241047
3 0.261188 0.678493 0.108418 0.170119
3 0.296185 0.46911 0.0837873 0.135061
6 0.0860188 0.643835 0.0682533 0.0773802
5 0.318965 0.334092 0.0122594 0.0772287
5 0.0331671 0.312261 0.0336488 0.124838
3 0.213719 0.580581 0.0777839 0.125109
5 0.294718 0.329902 0.0203566 0.0972765
6 0.215428 0.612968 0.0512728 0.0812129
7 0.322236 0.661627 0.0185931 0.0414559
6 0.303535 0.545318 0.0488999 0.0730245
5 0.222787 0.320972 0.0181344 0.106234
0 0.501248 0.758983 0.160473 0.379145
5 0.176719 0.339518 0.0114742 0.0690291
3 0.0587362 0.450659 0.0807419 0.0931325
5 0.0673126 0.333675 0.0173271 0.0742286
6 0.296502 0.554487 0.0469472 0.0741796
6 0.312537 0.540033 0.030714 0.0627806
7 0.322455 0.667158 0.0206661 0.053686
7 0.227467 0.784197 0.0500916 0.0745955
