3 0.866125 0.51872 0.055022 0.0920878
3 0.341388 0.423992 0.0220488 0.0377334
3 0.304091 0.43798 0.0178178 0.0303189
3 0.716085 0.510034 0.0493431 0.085383
3 0.233043 0.446396 0.0181145 0.0318305
4 0.496212 0.758166 0.018197 0.0785115
3 0.80832 0.436492 0.0607056 0.096275
3 0.324537 0.388116 0.0171862 0.033272
3 0.756431 0.482437 0.0359814 0.0735082
3 0.373429 0.389089 0.0179779 0.0353182
3 0.390195 0.420467 0.0177395 0.0350416
3 0.70726 0.41683 0.0436703 0.0763909
1 0.500828 0.836577 0.144139 0.192946
3 0.840276 0.413115 0.0337706 0.0646012
5 0.704632 0.344838 0.00983906 0.0447048
5 0.792312 0.341872 0.00908833 0.0553855
5 0.7293 0.344929 0.008321 0.0488281
5 0.887711 0.341594 0.0127949 0.0632055
5 0.840238 0.340782 0.0107029 0.0528539
5 0.743749 0.349587 0.0073314 0.0452461
5 0.861445 0.343647 0.00983429 0.0500552
7 0.729509 0.557863 0.0241353 0.033866
6 0.858345 0.483569 0.0346819 0.0343077
7 0.817863 0.572566 0.0195515 0.0421074
7 0.855082 0.568661 0.0323238 0.0346429
6 0.862255 0.477571 0.0381504 0.0419505
7 0.769233 0.567307 0.0196148 0.0419293
