3 0.839162 0.861052 0.0905905 0.157863
4 0.9283 0.732109 0.0533005 0.0548154
3 0.825786 0.585602 0.0786922 0.128922
3 0.429831 0.446122 0.012729 0.0264434
3 0.507367 0.415475 0.0151896 0.0346715
3 0.562774 0.530023 0.0244829 0.050108
3 0.709342 0.458188 0.0703361 0.123557
3 0.846481 0.446091 0.0746456 0.11552
3 0.455032 0.384024 0.0179833 0.0307885
3 0.607544 0.503555 0.0234608 0.0431213
3 0.677477 0.418609 0.0412344 0.0718391
0 0.500919 0.834256 0.146975 0.184308
3 0.642094 0.538017 0.0503986 0.104925
3 0.763566 0.52057 0.0427847 0.0922274
3 0.396079 0.447707 0.014269 0.027386
3 0.460342 0.415424 0.0174738 0.0343007
4 0.502072 0.792782 0.0267734 0.0706615
6 0.649487 0.492872 0.0348166 0.0595111
7 0.79588 0.648856 0.0384739 0.043752
6 0.802575 0.528764 0.0372616 0.052815
3 0.488194 0.386159 0.0188021 0.0345146
5 0.737049 0.337633 0.0101685 0.0746151
5 0.855511 0.342468 0.0116245 0.0717664
5 0.876697 0.339775 0.0195209 0.0832598
5 0.831657 0.332995 0.0145691 0.0753066
7 0.646434 0.593188 0.0328594 0.046532
5 0.694142 0.341092 0.00866833 0.0563177
5 0.795055 0.34124 0.0105415 0.0581696
7 0.694764 0.559061 0.013076 0.03893
6 0.852521 0.508803 0.0368811 0.0457275
5 0.661221 0.341541 0.00917873 0.0559994
5 0.682597 0.338007 0.0108158 0.0704123
5 0.63793 0.339197 0.0111437 0.0650338
7 0.67704 0.614377 0.022666 0.0581596
3 0.455969 0.379249 0.0198538 0.0288266
7 0.727663 0.640161 0.0161804 0.0440203
5 0.639411 0.349834 0.0141261 0.0823269
3 0.470607 0.415226 0.0195473 0.0350787
6 0.684095 0.520302 0.023985 0.0637718
3 0.478704 0.411378 0.0181639 0.0301439
