3 0.103294 0.468961 0.0954472 0.147676
3 0.24479 0.565124 0.0686175 0.11279
3 0.26518 0.798923 0.0713456 0.133652
3 0.0376476 0.581215 0.075128 0.123298
3 0.273499 0.435286 0.0537162 0.0981882
4 0.500376 0.794098 0.0203387 0.0650842
7 0.0880852 0.661614 0.0444183 0.0454735
6 0.0445831 0.530278 0.0561186 0.0710946
3 0.215536 0.510743 0.0530106 0.0823794
0 0.500143 0.727281 0.147172 0.414884
5 0.286001 0.341934 0.011513 0.0647517
7 0.224786 0.634026 0.0278015 0.0543875
4 0.773902 0.699232 0.0152897 0.0409435
7 0.152222 0.656821 0.035681 0.0417449
5 0.0519929 0.342429 0.0213406 0.10893
5 0.119126 0.334389 0.0180693 0.0880913
5 0.222194 0.335107 0.0114982 0.0680435
5 0.068073 0.338702 0.0117144 0.067463
5 0.26405 0.340345 0.00990589 0.0683713
4 0.410163 0.560028 0.0206191 0.0199576
5 0.266153 0.342057 0.0117646 0.0698662
6 0.142263 0.5302 0.0308755 0.0518312
7 0.286231 0.576483 0.0199223 0.0387964
5 0.191432 0.341007 0.0101218 0.048815
5 0.0510213 0.33313 0.0170515 0.0910567
6 0.274158 0.493656 0.0309434 0.0414029
6 0.0783133 0.537266 0.0426078 0.0700131
5 0.00911477 0.33388 0.0177884 0.0771425
7 0.0937995 0.595467 0.0159064 0.0413254
5 0.231186 0.341993 0.00908661 0.0633118
7 0.0500341 0.649516 0.049053 0.0421923
7 0.140961 0.579017 0.0246659 0.0478151
7 0.0550422 0.652948 0.0401247 0.0404987
5 0.189812 0.341377 0.009234 0.0549279
