0 0.497472 0.847548 0.162061 0.185462
3 0.57894 0.559674 0.0621862 0.109957
3 0.964448 0.570356 0.0549713 0.0745192
3 0.729742 0.541589 0.0577063 0.0942711
3 0.540443 0.432702 0.052374 0.0902739
3 0.693796 0.456116 0.0724588 0.121383
4 0.957472 0.632062 0.0197426 0.0550547
3 0.589826 0.500045 0.0469564 0.0707812
7 0.601765 0.618478 0.0239371 0.0427781
6 0.666019 0.51591 0.0312971 0.0535636
7 0.661778 0.62534 0.0298608 0.0387464
5 0.683348 0.337394 0.00992489 0.0654843
6 0.719301 0.508559 0.0384493 0.0459415
5 0.755149 0.342799 0.00970402 0.062209
5 0.570426 0.349475 0.00731945 0.0497943
5 0.530772 0.344607 0.0112893 0.051994
5 0.598686 0.340198 0.0125021 0.0706016
5 0.553833 0.341453 0.00852127 0.0606758
5 0.660535 0.343559 0.00753307 0.0461472
6 0.603041 0.509308 0.0243809 0.0596605
6 0.688481 0.555742 0.0175659 0.0547279
7 0.538464 0.563736 0.0227846 0.0462904
6 0.589529 0.501575 0.0506752 0.0723541
5 0.729308 0.339476 0.0108967 0.061987
6 0.606219 0.463069 0.0142151 0.0365353
7 0.537261 0.570525 0.0247715 0.0432894
6 0.544869 0.491094 0.0370001 0.0463418
6 0.540547 0.485845 0.0319913 0.0483403
5 0.697243 0.34706 0.00974903 0.049861
5 0.740649 0.342468 0.0104353 0.0616846
