3 0.19277 0.423203 0.0491058 0.0785319
3 0.938213 0.411958 0.0398485 0.0437044
3 0.832503 0.406393 0.0380146 0.0519521
3 0.314856 0.410233 0.0361765 0.0639435
3 0.88978 0.465224 0.0400402 0.0640531
3 0.236869 0.408293 0.0296351 0.0627858
3 0.812357 0.444338 0.0239555 0.0502704
3 0.269567 0.471975 0.0367859 0.0354027
5 0.3207 0.347412 0.00950915 0.0380384
4 0.062712 0.559606 0.0162719 0.0400257
5 0.308002 0.349151 0.00622215 0.0330695
5 0.247199 0.34799 0.00895643 0.0452285
5 0.283749 0.345436 0.0101867 0.0405807
5 0.179095 0.348118 0.0091393 0.043725
3 0.294368 0.460135 0.0245106 0.0436077
3 0.0605101 0.512223 0.0277883 0.0531995
3 0.182016 0.471443 0.0297306 0.0351459
5 0.1906 0.346971 0.0108695 0.0421409
5 0.167389 0.347481 0.0105376 0.0466775
6 0.845256 0.437837 0.0139061 0.0316841
6 0.206451 0.464896 0.0198774 0.034274
3 0.814536 0.438526 0.0218597 0.0437191
3 0.859376 0.401163 0.0222015 0.0338999
5 0.286147 0.347377 0.010017 0.0477376
6 0.905989 0.413202 0.0109615 0.0390703
