3 0.391134 0.419679 0.0389603 0.077337
3 0.337007 0.486369 0.0391238 0.0694793
3 0.57987 0.681472 0.0457928 0.0916535
3 0.444682 0.478973 0.0349888 0.067931
3 0.682607 0.386307 0.0190754 0.0351693
3 0.712728 0.420381 0.0217308 0.0344297
3 0.438085 0.406945 0.0325176 0.0602991
3 0.341018 0.408491 0.0344679 0.0615845
3 0.725251 0.384549 0.0192078 0.0330275
3 0.663729 0.416186 0.0168932 0.0332213
3 0.611449 0.500561 0.0242521 0.0480157
3 0.390956 0.470985 0.0284348 0.0443898
5 0.33252 0.345636 0.00919832 0.0387117
4 0.496912 0.796116 0.0215982 0.0721781
7 0.347949 0.527743 0.0249039 0.0303396
1 0.49982 0.832919 0.145251 0.190149
5 0.342288 0.346756 0.00723839 0.037254
5 0.322204 0.345338 0.010306 0.0389996
5 0.453905 0.347447 0.00903301 0.0413358
5 0.433628 0.347563 0.00652351 0.0320058
5 0.405008 0.346042 0.00846186 0.0414782
6 0.34822 0.453997 0.0207133 0.0386309
