3 0.595813 0.411423 0.035718 0.0663818
3 0.946876 0.877359 0.106248 0.14938
3 0.227957 0.573646 0.0361898 0.066075
3 0.538477 0.476326 0.034547 0.0702331
4 0.968298 0.744764 0.0401934 0.0706036
4 0.208221 0.816992 0.0278328 0.0657733
3 0.50434 0.404999 0.0306847 0.0636363
3 0.60545 0.463426 0.0317713 0.0555799
3 0.568754 0.403612 0.0264088 0.0593187
3 0.641164 0.381067 0.0173468 0.0292792
3 0.662378 0.408042 0.0159803 0.0260925
3 0.664291 0.379316 0.0165539 0.0319123
3 0.507134 0.500378 0.0178365 0.0296264
3 0.663276 0.383728 0.0167508 0.0314922
5 0.591482 0.347247 0.00748024 0.0397291
