3 0.687915 0.587897 0.0719915 0.129357
3 0.614344 0.44267 0.0561451 0.107601
3 0.812501 0.461986 0.0803083 0.133648
3 0.462442 0.546026 0.0260672 0.0558592
3 0.724862 0.430842 0.0458576 0.0934288
3 0.803706 0.558398 0.0715676 0.0960641
3 0.163897 0.392642 0.0466864 0.0790937
6 0.790275 0.534688 0.0453338 0.0545704
4 0.123301 0.786292 0.0226908 0.060791
7 0.783413 0.65854 0.0529379 0.0389326
5 0.706561 0.343896 0.0085783 0.0560684
7 0.618138 0.60526 0.0422174 0.0826149
5 0.845782 0.337971 0.0167778 0.0822033
7 0.622696 0.556779 0.0156968 0.0349499
5 0.813931 0.338184 0.0159954 0.0910795
7 0.773487 0.608414 0.0208118 0.0400139
4 0.526384 0.516118 0.0151806 0.0171239
5 0.604842 0.340568 0.00991077 0.0600684
5 0.664214 0.336292 0.00940304 0.0719698
7 0.810925 0.614602 0.0369013 0.0414407
5 0.723894 0.338777 0.0121711 0.0851547
6 0.619081 0.499582 0.0313297 0.0440584
7 0.809264 0.622281 0.0382996 0.0483332
7 0.624863 0.559858 0.0202761 0.0441269
7 0.656271 0.64026 0.0150668 0.0476624
