3 0.352347 0.916146 0.0891944 0.157707
3 0.561522 0.421893 0.0438326 0.0858047
3 0.697673 0.42837 0.0501465 0.089103
3 0.621325 0.523841 0.0494977 0.0944811
3 0.687904 0.498011 0.0417412 0.0718522
3 0.63164 0.414458 0.0331028 0.0703991
3 0.573247 0.484249 0.0399345 0.0653286
4 0.849024 0.579626 0.0295918 0.0247763
1 0.502709 0.833368 0.145933 0.188462
4 0.368064 0.543602 0.0214753 0.0182829
4 0.443723 0.523936 0.0203486 0.0192655
5 0.718631 0.343887 0.00766157 0.0481555
7 0.677442 0.571082 0.0291789 0.0348977
5 0.604587 0.344712 0.00895977 0.0556973
4 0.298282 0.57673 0.0217582 0.0190025
5 0.560791 0.34413 0.00825119 0.0507198
5 0.713313 0.342959 0.00916595 0.0542842
5 0.689341 0.346693 0.00796185 0.0515117
1 0.50234 0.72413 0.14695 0.415875
4 0.29867 0.57437 0.0255563 0.0175922
7 0.556529 0.536445 0.0258991 0.0369226
7 0.681463 0.568329 0.0385167 0.0345799
5 0.646971 0.344473 0.00889568 0.0566825
7 0.693303 0.556737 0.0297785 0.0426272
