3 0.944595 0.583996 0.0889458 0.12629
3 0.837037 0.439541 0.0667906 0.0994531
6 0.849897 0.502148 0.0365479 0.0553196
3 0.838502 0.518543 0.0648334 0.0890876
7 0.855509 0.572752 0.0135155 0.0412686
7 0.835037 0.59821 0.0462406 0.0681771
5 0.820555 0.341792 0.0129908 0.0642902
4 0.494784 0.782432 0.0260931 0.0832244
5 0.914105 0.348351 0.0139736 0.0900043
5 0.843646 0.343242 0.0133221 0.0709248
5 0.922277 0.351012 0.019824 0.101595
5 0.964883 0.350834 0.0109795 0.0764276
3 0.935038 0.434945 0.0455385 0.0978105
7 0.972539 0.65588 0.0209576 0.0525705
5 0.840675 0.342858 0.010239 0.070329
7 0.831683 0.589824 0.0503763 0.0742339
7 0.821033 0.56406 0.0294924 0.0488074
5 0.9648 0.361791 0.0136745 0.09494
6 0.910003 0.523801 0.015033 0.056219
