3 0.255125 0.427331 0.0476076 0.0876224
3 0.715275 0.768945 0.0510021 0.12656
3 0.201371 0.543281 0.0622134 0.104688
3 0.0747184 0.452321 0.0787269 0.119503
3 0.135505 0.427052 0.0439522 0.0846055
6 0.104866 0.507428 0.0334644 0.0553166
4 0.503436 0.790106 0.0243464 0.0759788
3 0.058277 0.542761 0.0674485 0.0985286
1 0.50017 0.746539 0.143487 0.367948
3 0.0105347 0.394168 0.0209793 0.0454236
7 0.0759341 0.612938 0.0402186 0.0491886
5 0.0796041 0.342317 0.0154994 0.0802194
5 0.0374389 0.339472 0.0134028 0.0709244
5 0.260781 0.34135 0.00998898 0.0587486
3 0.220973 0.486416 0.040902 0.0612821
5 0.0169425 0.334347 0.00882956 0.0538124
5 0.236839 0.344618 0.00842419 0.0546244
6 0.0578224 0.507348 0.0477958 0.0377489
7 0.117093 0.616542 0.0380572 0.0399419
1 0.499839 0.834954 0.14482 0.193216
5 0.167722 0.343124 0.0100672 0.0712685
6 0.251473 0.473516 0.0299479 0.0398332
7 0.0666525 0.603055 0.0483704 0.0431639
7 0.0559337 0.597852 0.0438455 0.0427557
5 0.0151173 0.336876 0.0095791 0.0582378
5 0.20652 0.344328 0.00920243 0.0476241
7 0.0728872 0.607045 0.0423377 0.0489005
3 0.00968034 0.41067 0.0184131 0.0715884
5 0.102284 0.345655 0.011799 0.0599151
6 0.174424 0.500924 0.0180533 0.0554245
5 0.144444 0.343473 0.00923732 0.0472185
5 0.217793 0.342603 0.00943217 0.0613075
7 0.125105 0.618369 0.0260471 0.0401768
7 0.177396 0.602383 0.0169151 0.0478597
7 0.0514151 0.594446 0.043349 0.0389192
6 0.161113 0.473113 0.015225 0.0499687
5 0.0377209 0.340414 0.0192708 0.071923
