3 0.0466567 0.651463 0.0933134 0.170171
3 0.341202 0.53821 0.0261821 0.0492353
3 0.176271 0.460847 0.078986 0.129268
0 0.499815 0.83486 0.145789 0.187233
4 0.746394 0.855688 0.0540892 0.0884599
3 0.0728104 0.447078 0.0675363 0.111614
3 0.533723 0.567637 0.0277944 0.0578826
3 0.184267 0.553801 0.0627711 0.0859401
5 0.055509 0.332519 0.0291789 0.11362
6 0.15798 0.541031 0.0444621 0.0703933
5 0.165613 0.337819 0.0150053 0.0910378
3 0.174781 0.547667 0.0833997 0.0838272
7 0.170988 0.665277 0.0511534 0.0701772
5 0.197233 0.340554 0.0132273 0.0762117
5 0.0961825 0.33695 0.0123422 0.0593049
6 0.0777498 0.569372 0.0278912 0.0700227
4 0.376491 0.549742 0.0199233 0.0234529
5 0.0325674 0.335614 0.0137548 0.0606608
