3 0.406947 0.361784 0.149445 0.256868
3 0.63725 0.61172 0.142676 0.223492
4 0.261727 0.50234 0.130716 0.141058
4 0.881986 0.848659 0.0832327 0.211794
7 0.462841 0.719261 0.0432375 0.0897576
6 0.463177 0.481549 0.0453646 0.0964881
3 0.699843 0.335446 0.118039 0.201297
3 0.866172 0.244137 0.0408218 0.0788092
3 0.322838 0.550593 0.0675055 0.203363
3 0.9834 0.345179 0.0318674 0.0565966
6 0.593778 0.477749 0.0588594 0.0968553
3 0.872 0.313427 0.0239906 0.053486
3 0.570499 0.500973 0.106532 0.171097
5 0.445075 0.0917341 0.02036 0.149841
7 0.589486 0.716447 0.0586782 0.0882507
5 0.332046 0.0956227 0.0218531 0.141378
5 0.744443 0.116695 0.0142414 0.108406
5 0.258349 0.106422 0.023823 0.12175
5 0.712405 0.111946 0.0183796 0.139323
7 0.429707 0.572595 0.0391172 0.100687
7 0.361335 0.703611 0.0506004 0.081297
5 0.624512 0.10866 0.0275009 0.157542
6 0.605247 0.39714 0.0243603 0.0769647
5 0.537174 0.132755 0.0154938 0.0972665
6 0.527526 0.389683 0.0238411 0.0816657
5 0.413443 0.129909 0.0152631 0.0971103
3 0.743808 0.240038 0.0418558 0.0580201
7 0.365347 0.60628 0.0214263 0.071705
7 0.320964 0.676463 0.0320653 0.0507207
6 0.688425 0.444163 0.0530106 0.0656921
6 0.35675 0.471032 0.0477071 0.0857947
5 0.620234 0.120512 0.0207522 0.132793
4 0.982723 0.401792 0.0114052 0.0369993
6 0.318381 0.448142 0.0412104 0.0970209
