3 0.0346099 0.710678 0.0690541 0.130597
3 0.639579 0.555564 0.0632654 0.111189
3 0.24092 0.577666 0.0486482 0.0786406
4 0.0313678 0.809354 0.0346061 0.0933624
3 0.53978 0.443913 0.0630568 0.113059
4 0.243777 0.64159 0.0191625 0.0589288
3 0.339279 0.517289 0.0315623 0.0536694
3 0.506462 0.516735 0.0510717 0.0899714
3 0.682276 0.435724 0.0585252 0.0942924
4 0.339921 0.565528 0.0152092 0.0464544
3 0.629935 0.496644 0.0456414 0.0637629
5 0.631533 0.341106 0.0113344 0.0658022
5 0.512783 0.34441 0.0103821 0.0571905
5 0.566948 0.34778 0.00834115 0.0478238
6 0.680154 0.486002 0.03351 0.0360809
6 0.618105 0.501554 0.029925 0.057145
6 0.559633 0.504918 0.0276672 0.0555584
5 0.492959 0.345116 0.0105818 0.0508211
5 0.653787 0.347786 0.00806173 0.0462905
6 0.676466 0.493698 0.0352581 0.0328094
5 0.535585 0.347354 0.00845737 0.052056
5 0.694997 0.342574 0.0119304 0.0517205
5 0.619782 0.34815 0.00886402 0.0463388
6 0.513275 0.485083 0.0376379 0.060797
6 0.507599 0.479838 0.0323625 0.0546934
5 0.534393 0.350978 0.00775229 0.0485399
5 0.564929 0.3483 0.00859756 0.0538423
7 0.67972 0.581725 0.0250388 0.0292032
5 0.551645 0.343646 0.0109175 0.0612159
5 0.692445 0.343513 0.00719891 0.0519865
7 0.614774 0.608199 0.0246441 0.0420968
