3 0.612417 0.512686 0.0426142 0.085113
3 0.480135 0.512087 0.0479842 0.0805243
3 0.556257 0.438815 0.0518202 0.0971386
3 0.140527 0.436374 0.0246196 0.0457233
3 0.476663 0.421081 0.0408546 0.0756401
3 0.0606538 0.444405 0.0297973 0.0484227
3 0.592256 0.414607 0.0363692 0.0686765
3 0.526681 0.484825 0.0314798 0.0721164
3 0.210278 0.47268 0.0182017 0.0369932
3 0.0266649 0.396019 0.0276739 0.0439061
3 0.10724 0.395881 0.0306105 0.04744
3 0.560408 0.512899 0.0200579 0.0446157
4 0.230921 0.58917 0.0123675 0.0219985
5 0.462112 0.340985 0.0097723 0.0544582
3 0.225084 0.463286 0.0158076 0.031917
4 0.863204 0.605411 0.0175102 0.0296533
6 0.46832 0.458725 0.022204 0.0327692
5 0.480174 0.342775 0.00995674 0.0548729
7 0.602511 0.566207 0.0252249 0.034735
5 0.537338 0.341467 0.0103006 0.0639499
6 0.493125 0.479888 0.022478 0.0478961
4 0.756592 0.568603 0.0159334 0.0201769
5 0.610846 0.341857 0.00863438 0.0509285
6 0.609542 0.465542 0.0267976 0.0369284
5 0.513913 0.346512 0.0083889 0.0501511
5 0.627164 0.342946 0.0102118 0.0499429
5 0.609436 0.344327 0.00804596 0.0425683
3 0.220023 0.467725 0.022183 0.0356969
5 0.580375 0.339155 0.0113192 0.0532447
6 0.613641 0.463814 0.0261442 0.0316305
3 0.0765264 0.435877 0.0177671 0.0439313
5 0.584054 0.342638 0.0110661 0.0581338
