3 0.128069 0.771166 0.102084 0.148253
3 0.811002 0.680646 0.119765 0.180528
4 0.138886 0.887076 0.0357856 0.103551
3 0.807603 0.561851 0.0717312 0.0928804
3 0.736283 0.471286 0.0797884 0.132287
3 0.959554 0.469777 0.0792221 0.131921
6 0.736946 0.551806 0.0469952 0.0736991
5 0.772097 0.334413 0.0163038 0.102661
7 0.731998 0.685846 0.0488248 0.083629
6 0.86153 0.616634 0.0406689 0.0804178
5 0.839049 0.340959 0.012476 0.0678496
5 0.945758 0.336117 0.0144245 0.0718804
5 0.863412 0.324174 0.0206383 0.112853
5 0.723993 0.336885 0.01635 0.0809494
7 0.734468 0.644246 0.0332838 0.0618887
3 0.99104 0.537844 0.0179199 0.14115
5 0.729247 0.337197 0.0135281 0.0772973
7 0.847896 0.792909 0.0449566 0.0746094
6 0.977668 0.654543 0.044553 0.0632119
5 0.783622 0.343912 0.0107288 0.0666121
0 0.500502 0.757113 0.16147 0.380994
7 0.911883 0.658886 0.0307838 0.0785863
0 0.499461 0.848831 0.164665 0.18481
6 0.921455 0.536287 0.0187263 0.0477753
