3 0.333806 0.510641 0.0465818 0.0837352
0 0.500658 0.833185 0.144946 0.184816
3 0.460959 0.510335 0.0442898 0.083518
3 0.0114672 0.642832 0.0227905 0.0807326
3 0.246537 0.377237 0.0243975 0.0418348
3 0.465619 0.418392 0.0393925 0.0780771
3 0.387524 0.433502 0.049116 0.0930168
3 0.352452 0.414876 0.0352319 0.0686596
3 0.818826 0.39449 0.0277489 0.045285
3 0.991465 0.750657 0.0165527 0.124715
3 0.791045 0.42966 0.020997 0.0409902
3 0.887341 0.393304 0.0227669 0.0411494
5 0.478743 0.346362 0.00996742 0.0504993
6 0.335045 0.468725 0.0326497 0.0435893
3 0.864929 0.439815 0.0231058 0.0377426
5 0.361294 0.339324 0.00956764 0.0558451
3 0.694522 0.468693 0.0108049 0.0284365
4 0.157841 0.577883 0.0189117 0.022347
5 0.457154 0.341028 0.00855961 0.0485552
4 0.0804929 0.64723 0.0393894 0.0278096
5 0.32014 0.343044 0.0122 0.0517111
5 0.335495 0.343822 0.00949612 0.0512869
5 0.432176 0.347407 0.00747433 0.0390781
3 0.694383 0.47442 0.0124266 0.0396538
7 0.442736 0.567325 0.0242844 0.0405891
6 0.406859 0.488043 0.0136898 0.0490326
7 0.341134 0.558445 0.0278482 0.0359625
6 0.450385 0.475964 0.0222639 0.0374377
6 0.368415 0.483085 0.0155579 0.0492715
5 0.46138 0.342231 0.00930748 0.0520511
5 0.402452 0.345989 0.0103267 0.0631179
