3 0.561029 0.528733 0.0482754 0.0950506
3 0.932382 0.580967 0.0437578 0.0638364
3 0.478929 0.438391 0.052186 0.0978562
3 0.287069 0.534525 0.0267039 0.0494169
3 0.437552 0.508391 0.0432368 0.0803933
3 0.579524 0.423514 0.0412312 0.0823423
1 0.499189 0.839661 0.143275 0.181696
4 0.71943 0.604314 0.0135195 0.0304088
3 0.531728 0.48557 0.0332966 0.0703091
5 0.494897 0.340161 0.00901527 0.0621496
5 0.556258 0.339654 0.00997543 0.0520639
5 0.455398 0.34054 0.0109327 0.0518578
5 0.585669 0.341286 0.010536 0.0555894
6 0.441448 0.470924 0.0285727 0.0451865
5 0.594638 0.343943 0.0084877 0.0504205
6 0.49967 0.492596 0.0169661 0.0446345
5 0.427517 0.341422 0.00964603 0.0495333
6 0.584307 0.466986 0.0262234 0.0325915
