3 0.406976 0.362349 0.149487 0.257145
4 0.260586 0.500226 0.121761 0.140095
6 0.462637 0.481556 0.0447258 0.097506
3 0.697141 0.335236 0.12142 0.201704
7 0.463692 0.720887 0.0441421 0.0892682
6 0.671137 0.46372 0.0693787 0.101711
3 0.321138 0.549217 0.0726383 0.201792
7 0.671354 0.602104 0.0596179 0.083495
7 0.588116 0.716048 0.0593765 0.0894518
3 0.983417 0.346156 0.0320675 0.055847
6 0.602247 0.487103 0.093941 0.14824
7 0.668129 0.688123 0.0635195 0.083744
3 0.563719 0.502819 0.0945723 0.176015
5 0.445012 0.0929007 0.0203527 0.149497
5 0.332359 0.0981565 0.0215242 0.143045
5 0.258895 0.106936 0.0226208 0.121541
7 0.42983 0.573138 0.0394618 0.099233
5 0.713188 0.111324 0.0199839 0.137626
5 0.74474 0.117155 0.0142115 0.110372
7 0.360632 0.703963 0.0509474 0.0832943
3 0.876061 0.24189 0.0201744 0.0712403
3 0.875338 0.310072 0.0189528 0.048476
6 0.604317 0.400442 0.025157 0.0856243
5 0.624855 0.109068 0.0269382 0.156895
5 0.536819 0.133006 0.0152391 0.0975157
7 0.316945 0.675601 0.0366711 0.0494319
7 0.365574 0.608253 0.0212085 0.070068
3 0.744332 0.243381 0.0374737 0.0586256
5 0.413383 0.12854 0.0154398 0.0964053
6 0.52755 0.389647 0.02393 0.0810086
6 0.356274 0.469402 0.0453321 0.0823051
5 0.620682 0.114386 0.0176491 0.144736
4 0.98288 0.397245 0.0109291 0.0433358
6 0.313185 0.443892 0.0508901 0.103376
