0 0.500777 0.831699 0.14401 0.185018
3 0.444905 0.524898 0.0247435 0.04813
3 0.428845 0.486185 0.0204435 0.0367088
3 0.236164 0.466253 0.0358319 0.059565
3 0.279096 0.413137 0.0364028 0.0563199
4 0.773169 0.848662 0.0624452 0.0497285
3 0.333585 0.40349 0.0292352 0.0434944
3 0.298431 0.451251 0.0251786 0.0547731
3 0.245599 0.404535 0.0290102 0.0419874
3 0.517123 0.511136 0.0312277 0.0522742
3 0.525304 0.555997 0.0392107 0.0553028
3 0.533096 0.558826 0.0237722 0.055574
3 0.520746 0.516387 0.0367948 0.0591117
4 0.402306 0.488508 0.0115459 0.0353939
