3 0.670169 0.588275 0.0755905 0.130656
3 0.988664 0.471414 0.019936 0.0291576
3 0.811681 0.470854 0.0872904 0.135693
3 0.609301 0.445022 0.0571531 0.112731
4 0.203415 0.702472 0.0389473 0.0444468
3 0.834945 0.570872 0.064756 0.103438
3 0.913741 0.433114 0.0283337 0.0423043
3 0.918166 0.391532 0.0283653 0.0400024
3 0.750705 0.436994 0.0536535 0.0969862
0 0.498287 0.755304 0.162425 0.3775
4 0.22162 0.654899 0.0311599 0.0382031
6 0.776216 0.542664 0.0465295 0.0660863
3 0.871311 0.394 0.0283409 0.0407076
5 0.806287 0.334398 0.0143322 0.0767941
5 0.780034 0.343349 0.00990009 0.0560323
6 0.614927 0.504958 0.0379028 0.0566518
6 0.701393 0.538137 0.0213591 0.0567036
5 0.843146 0.340735 0.0101646 0.0631517
3 0.660983 0.502755 0.0428341 0.0559781
7 0.822347 0.646547 0.0349134 0.0372196
5 0.868064 0.335928 0.0127911 0.0674834
5 0.701164 0.342253 0.0122426 0.0851909
3 0.876476 0.425623 0.0215528 0.036426
5 0.858001 0.334473 0.0138914 0.0725871
5 0.733061 0.345004 0.00897274 0.0535616
5 0.634171 0.345724 0.00926819 0.0545691
4 0.568581 0.518816 0.0241743 0.0192975
7 0.612516 0.596388 0.036467 0.0686956
7 0.770088 0.668176 0.0450366 0.0434262
5 0.861318 0.336244 0.0103373 0.06804
7 0.813049 0.659604 0.0472004 0.0382497
7 0.819326 0.651576 0.0439732 0.0430369
5 0.635462 0.345329 0.0103382 0.0616628
5 0.643163 0.341677 0.00835133 0.0638367
5 0.669003 0.344487 0.0095108 0.0496431
