3 0.385242 0.642911 0.0470569 0.0982342
3 0.295914 0.596523 0.038478 0.0715833
1 0.500097 0.86365 0.146009 0.144065
3 0.495919 0.471668 0.0327182 0.0620698
3 0.44895 0.403564 0.0342423 0.065068
3 0.538184 0.403672 0.0324093 0.0602965
3 0.42155 0.416045 0.0104809 0.027533
3 0.487764 0.400556 0.0226433 0.0552746
3 0.262854 0.666969 0.0648304 0.070212
3 0.448986 0.457007 0.0267445 0.0511813
3 0.529693 0.451427 0.0267405 0.0476662
5 0.543687 0.348955 0.00766792 0.040564
5 0.509072 0.349027 0.00810223 0.0394057
