0 0.501142 0.845352 0.160408 0.183277
4 0.3256 0.855324 0.0610104 0.0629998
3 0.410923 0.754146 0.0630533 0.117224
3 0.445466 0.643291 0.0370457 0.0824211
3 0.507994 0.572241 0.0335565 0.0487032
3 0.569029 0.436875 0.0237864 0.0409472
3 0.502123 0.438413 0.0249214 0.0438339
3 0.54698 0.399063 0.0348314 0.0438327
3 0.492783 0.39354 0.0218723 0.0343124
4 0.775559 0.532874 0.020896 0.0179921
3 0.522945 0.43021 0.0180231 0.0410255
4 0.798746 0.540008 0.0216076 0.0174142
4 0.916033 0.648927 0.00975876 0.017345
