3 0.612647 0.347851 0.113164 0.194894
3 0.784721 0.557895 0.124776 0.214218
3 0.943834 0.354651 0.112332 0.204985
3 0.75375 0.338097 0.0930113 0.161585
3 0.902192 0.503795 0.103165 0.159411
3 0.621035 0.509798 0.0921379 0.14909
7 0.640604 0.632868 0.0619656 0.091188
7 0.598604 0.609206 0.0554533 0.0869208
4 0.56254 0.698754 0.0575378 0.0849377
6 0.639069 0.441778 0.0612137 0.0888644
6 0.925721 0.436802 0.0750231 0.0965346
7 0.832127 0.659187 0.0277596 0.0890995
7 0.932183 0.579103 0.038855 0.0733636
7 0.917035 0.639485 0.0741989 0.0871306
5 0.607228 0.146593 0.0188105 0.127652
5 0.736672 0.133356 0.0208115 0.157251
5 0.793607 0.177657 0.0156507 0.0968784
5 0.845951 0.12881 0.0220421 0.158528
7 0.73208 0.646556 0.0149525 0.0765233
5 0.57191 0.165369 0.0256893 0.130679
6 0.865628 0.417383 0.0309727 0.0650534
7 0.658624 0.587648 0.0213033 0.0486131
5 0.96798 0.122225 0.0186056 0.12135
5 0.715694 0.184042 0.0169189 0.10018
5 0.568289 0.157794 0.0213436 0.123432
4 0.688558 0.559348 0.0202945 0.0330599
0 0.410629 0.907014 0.343943 0.185973
5 0.99386 0.127157 0.0120806 0.103703
7 0.966906 0.597889 0.0336124 0.0456816
5 0.624631 0.177199 0.0187329 0.0926687
6 0.83439 0.437926 0.0294325 0.0808733
7 0.860186 0.583845 0.0288071 0.0522346
0 0.283466 0.755939 0.566931 0.488121
6 0.733474 0.442406 0.0171984 0.0878828
4 0.484548 0.662244 0.0270116 0.0845586
0 0.284438 0.860669 0.568876 0.278661
5 0.575281 0.169645 0.0187176 0.101764
7 0.600444 0.628116 0.0526281 0.0866341
5 0.900759 0.167918 0.0160812 0.0964991
7 0.834868 0.652537 0.0232601 0.0752338
5 0.610079 0.156436 0.0217899 0.132992
