0 0.498719 0.75633 0.168518 0.376437
3 0.192698 0.553278 0.0698364 0.11033
3 0.652647 0.565677 0.0353001 0.0617303
3 0.297757 0.439592 0.0617936 0.109546
3 0.344287 0.510512 0.0448696 0.0819833
3 0.144966 0.436268 0.0647949 0.0950249
3 0.195937 0.251126 0.0223325 0.032415
3 0.427907 0.413776 0.0174224 0.0284237
3 0.21097 0.496612 0.0411987 0.0615036
3 0.480685 0.384242 0.0133127 0.0293845
3 0.448758 0.386072 0.0177791 0.0304248
5 0.181958 0.347783 0.00951349 0.0465224
5 0.121186 0.340907 0.0113637 0.0516048
5 0.279338 0.342842 0.0104596 0.0604232
7 0.150222 0.587265 0.029841 0.0409014
5 0.133188 0.342925 0.00970018 0.0504785
7 0.282019 0.590925 0.0205462 0.0383055
7 0.22045 0.605166 0.0281808 0.0378844
3 0.476182 0.414903 0.0189686 0.032638
6 0.147778 0.492027 0.0386573 0.040829
5 0.195843 0.343953 0.0108066 0.0542152
7 0.321196 0.573715 0.0240234 0.0499212
7 0.148151 0.582416 0.0300427 0.035008
5 0.311755 0.34574 0.00869513 0.0521812
6 0.340048 0.469899 0.023381 0.0402939
7 0.281263 0.53432 0.0140387 0.0422958
5 0.320775 0.343786 0.00781422 0.0515043
6 0.315901 0.485303 0.0263275 0.0450758
5 0.220929 0.346783 0.00940299 0.0471569
