3 0.56805 0.562191 0.0297537 0.0598327
3 0.878419 0.618156 0.0972763 0.144719
3 0.842618 0.452499 0.0764769 0.114526
3 0.922194 0.551575 0.0726391 0.107404
5 0.853087 0.338852 0.0141262 0.0870595
5 0.914689 0.331946 0.0149002 0.0928431
7 0.836335 0.649178 0.0575636 0.108604
4 0.399223 0.975016 0.0408113 0.0435267
3 0.482007 0.579784 0.0156479 0.0372447
1 0.500288 0.835032 0.144581 0.189781
5 0.901085 0.33792 0.0140778 0.0818904
7 0.905357 0.707715 0.0457973 0.0738479
3 0.470772 0.577928 0.0234848 0.037743
5 0.826007 0.338894 0.0131044 0.0692312
5 0.839359 0.342013 0.0117439 0.0747726
5 0.961012 0.337039 0.0126194 0.0709753
5 0.841315 0.341354 0.010527 0.0754445
4 0.982644 0.579372 0.0128748 0.0264286
7 0.820305 0.623963 0.0253469 0.0582998
5 0.926612 0.363845 0.0488234 0.163273
5 0.922889 0.361767 0.0350033 0.151156
5 0.844188 0.340532 0.0106773 0.0778018
