3 0.786326 0.686043 0.11301 0.198328
3 0.955287 0.594532 0.089426 0.285777
3 0.142253 0.945707 0.122709 0.104233
3 0.326834 0.637906 0.0422559 0.0820517
3 0.834446 0.473322 0.0977215 0.155941
5 0.794099 0.321331 0.024311 0.121096
5 0.948328 0.31892 0.0412081 0.20783
5 0.769829 0.326151 0.0179737 0.110167
0 0.500277 0.834272 0.145026 0.182245
4 0.607683 0.591651 0.023676 0.0193154
7 0.800572 0.822505 0.0703989 0.121022
5 0.851927 0.331464 0.0149467 0.0841464
6 0.77456 0.570139 0.0388185 0.0516243
0 0.500686 0.725395 0.145794 0.413557
5 0.968764 0.328775 0.0170855 0.0852389
