3 0.810306 0.487004 0.0992132 0.149542
3 0.944841 0.829103 0.0857246 0.141076
3 0.0949503 0.717156 0.0711963 0.102011
3 0.360026 0.653648 0.0470679 0.0837454
3 0.658225 0.591753 0.0732815 0.129063
3 0.883315 0.594562 0.0853668 0.135967
3 0.631474 0.444271 0.0550371 0.104771
3 0.347525 0.259079 0.029424 0.0508542
0 0.498056 0.754901 0.165236 0.379123
3 0.701037 0.526986 0.0550979 0.0936382
6 0.76615 0.552601 0.033366 0.056644
6 0.687041 0.53742 0.0335223 0.0716258
5 0.633023 0.337165 0.0113659 0.0694361
4 0.249653 0.631913 0.0340929 0.0248586
7 0.759476 0.692567 0.0306053 0.042314
6 0.878515 0.543318 0.0593166 0.0612032
5 0.788386 0.326756 0.0126025 0.0803484
5 0.863678 0.330273 0.0154804 0.0858709
5 0.919617 0.335127 0.0162125 0.0838362
5 0.616199 0.338513 0.00865326 0.0554483
7 0.679155 0.667062 0.0343893 0.0522378
5 0.67708 0.338284 0.0145553 0.0824642
5 0.678429 0.345252 0.0180931 0.095854
5 0.787317 0.333252 0.0157303 0.0826846
7 0.614666 0.593971 0.0148623 0.0374134
5 0.854934 0.340928 0.0110357 0.0688444
5 0.911301 0.335291 0.0140039 0.0769006
