3 0.304537 0.513091 0.0250445 0.0455248
3 0.410201 0.651643 0.0447594 0.0840028
3 0.135206 0.591487 0.0416186 0.0678151
3 0.535005 0.416653 0.038574 0.076398
3 0.472012 0.48964 0.0395506 0.0812517
3 0.435792 0.412325 0.0348794 0.0696532
4 0.0598765 0.792265 0.0259166 0.0641109
3 0.547431 0.471755 0.0354536 0.0653967
3 0.581188 0.581107 0.0268419 0.0658196
4 0.0832966 0.631622 0.0190559 0.0330738
4 0.357446 0.516878 0.0208554 0.015494
4 0.498851 0.798661 0.0225559 0.0750876
3 0.509765 0.404078 0.0273642 0.0560025
4 0.356769 0.517156 0.0200761 0.0244559
3 0.51909 0.405354 0.04093 0.0635936
