3 0.110019 0.470253 0.0941292 0.145357
3 0.581614 0.590796 0.0363207 0.0657384
3 0.201959 0.640813 0.102986 0.159978
0 0.497412 0.753984 0.164582 0.373647
3 0.198229 0.539549 0.0677198 0.0842312
3 0.349677 0.472439 0.0795671 0.139859
3 0.494543 0.442164 0.0127123 0.0229044
3 0.375523 0.5575 0.0652676 0.104034
3 0.303182 0.43749 0.0561874 0.105039
3 0.447772 0.421517 0.0185444 0.0323833
6 0.320785 0.547988 0.0398815 0.0633523
3 0.449878 0.386149 0.0162869 0.0297618
5 0.39436 0.336978 0.00877444 0.0684629
3 0.417883 0.388362 0.0196096 0.0324644
3 0.556927 0.454726 0.0147397 0.030842
5 0.330573 0.336368 0.0141376 0.081949
4 0.689423 0.596742 0.0242176 0.0240066
5 0.376941 0.335449 0.0114748 0.0705065
6 0.221407 0.499625 0.0234393 0.0531915
6 0.240676 0.567951 0.035763 0.0614098
3 0.391725 0.415367 0.0173419 0.0304733
