3 0.302555 0.552395 0.0589879 0.110447
3 0.755828 0.391754 0.0207039 0.0382995
1 0.500916 0.831544 0.146966 0.189387
3 0.698027 0.393201 0.0237017 0.0417253
3 0.178502 0.465135 0.0827365 0.135052
3 0.108553 0.570711 0.071046 0.110827
6 0.1168 0.516134 0.0513448 0.0660446
3 0.258921 0.510614 0.045594 0.0878374
3 0.32253 0.431869 0.0404628 0.0898717
3 0.60239 0.460623 0.0148525 0.0302413
3 0.735257 0.434765 0.0268274 0.0441379
3 0.675976 0.427383 0.0183519 0.0365284
5 0.135468 0.331458 0.012976 0.0682823
5 0.285402 0.342951 0.0107108 0.0775997
4 0.497825 0.794544 0.0211458 0.0636731
5 0.331431 0.343366 0.00873833 0.0589616
5 0.198374 0.334789 0.0140001 0.0757231
5 0.169602 0.340497 0.00896583 0.0512129
5 0.318825 0.341536 0.0111327 0.0635674
7 0.283003 0.619093 0.0307265 0.046789
7 0.125019 0.635585 0.043956 0.040978
5 0.235109 0.347859 0.0113732 0.0649368
7 0.165569 0.644474 0.0285349 0.0432502
6 0.216741 0.525144 0.0249016 0.0551402
6 0.28368 0.509897 0.0299048 0.0553346
3 0.674401 0.457199 0.0160355 0.0214394
3 0.1591 0.423226 0.0540515 0.0741278
3 0.58555 0.461709 0.0118368 0.0300967
5 0.134794 0.335409 0.0170956 0.0733612
5 0.318359 0.342519 0.0157773 0.0644723
