3 0.272176 0.346791 0.10957 0.182863
3 0.249414 0.508268 0.0896209 0.144516
4 0.398883 0.427092 0.0448884 0.125062
4 0.285166 0.169371 0.0556231 0.162942
4 0.295617 0.596966 0.074672 0.112632
7 0.248249 0.590596 0.0502656 0.0790048
4 0.378654 0.706612 0.0865681 0.0597927
7 0.517775 0.581909 0.0542044 0.0813108
4 0.549441 0.416329 0.0656998 0.0658023
3 0.886731 0.23792 0.0565048 0.0803334
4 0.198015 0.674117 0.0632442 0.0839394
4 0.476439 0.6012 0.0532331 0.110852
3 0.764837 0.257969 0.0485752 0.0777189
6 0.302211 0.417265 0.0467562 0.0851486
4 0.545153 0.647143 0.0406652 0.12706
3 0.83883 0.485162 0.0269451 0.0451308
4 0.455191 0.273288 0.0342392 0.0983041
3 0.992961 0.227216 0.0130861 0.0812439
3 0.75046 0.482309 0.0303772 0.0505994
3 0.73866 0.437353 0.0268099 0.0483365
4 0.322982 0.214363 0.0262314 0.0961668
6 0.443175 0.440612 0.0271497 0.058948
4 0.496746 0.439023 0.0396217 0.070182
5 0.503783 0.250334 0.00985088 0.0685102
5 0.404178 0.154612 0.0157876 0.133878
5 0.486357 0.168556 0.0136609 0.118547
7 0.443226 0.556191 0.0242096 0.0635201
7 0.393427 0.606935 0.024826 0.0913029
5 0.547906 0.204192 0.0140055 0.105453
4 0.521865 0.622633 0.0312214 0.051344
5 0.503247 0.263118 0.0139738 0.0952548
6 0.233688 0.427581 0.0472368 0.0717031
5 0.371849 0.26468 0.0110073 0.0823374
5 0.78903 0.382131 0.0116587 0.0515279
5 0.222338 0.179069 0.0171616 0.111927
6 0.467503 0.431525 0.0249581 0.0687012
5 0.540694 0.222514 0.0293743 0.146239
