3 0.963207 0.477158 0.0694859 0.115932
3 0.624982 0.310384 0.0841616 0.132845
4 0.354715 0.386237 0.0563253 0.0934496
4 0.382146 0.461074 0.0743274 0.0998983
4 0.363427 0.203705 0.0455854 0.149877
4 0.623047 0.625469 0.068189 0.0851954
3 0.758624 0.374173 0.0587605 0.0954427
4 0.628668 0.464531 0.0744901 0.0954853
3 0.501567 0.422558 0.0544412 0.130736
4 0.669532 0.632457 0.038109 0.0569791
4 0.445807 0.747607 0.0738612 0.0505368
4 0.376545 0.72365 0.0560907 0.0950522
4 0.753373 0.4634 0.0188036 0.0725449
4 0.666691 0.172532 0.0318044 0.129332
4 0.535032 0.147844 0.0287317 0.117627
6 0.547001 0.485936 0.0327011 0.102431
4 0.956007 0.580307 0.025065 0.0888942
3 0.662004 0.498731 0.0679585 0.0972169
7 0.351587 0.581377 0.06612 0.0888979
4 0.647803 0.539549 0.0490012 0.0876946
7 0.363981 0.53037 0.0398124 0.0712221
4 0.464914 0.22324 0.0315102 0.149879
6 0.64522 0.387932 0.0365866 0.062393
4 0.335918 0.165798 0.0281507 0.132687
7 0.394318 0.620014 0.0483768 0.0699965
5 0.383175 0.1532 0.0132621 0.0889994
5 0.622858 0.159381 0.0132271 0.0851724
6 0.466807 0.488726 0.016053 0.0859872
7 0.545498 0.651611 0.0116739 0.0523119
4 0.396013 0.533493 0.0400064 0.0744425
4 0.395425 0.375232 0.0412498 0.0995641
6 0.546404 0.472148 0.0295122 0.0755425
7 0.466147 0.649622 0.012672 0.0581015
