3 0.407328 0.363302 0.148644 0.255988
4 0.257912 0.49688 0.121864 0.141215
6 0.462759 0.481583 0.0453114 0.0981212
7 0.462265 0.719693 0.0414539 0.0874048
6 0.6727 0.46293 0.0695883 0.101749
3 0.697027 0.335528 0.120511 0.201402
3 0.3206 0.550523 0.0730411 0.198444
7 0.670926 0.605509 0.0582916 0.0848945
7 0.588774 0.715353 0.0590311 0.0893412
3 0.867127 0.243187 0.0388903 0.0763378
3 0.984148 0.34588 0.0305351 0.054861
3 0.563912 0.503045 0.0943718 0.175522
5 0.332172 0.0973138 0.0214261 0.137752
5 0.444869 0.0936372 0.0206177 0.150461
6 0.600455 0.488549 0.0938086 0.150516
3 0.873072 0.311271 0.0226898 0.0515955
7 0.667738 0.68916 0.0629587 0.0842833
7 0.429652 0.573632 0.0393195 0.0985718
7 0.36079 0.703999 0.0514787 0.0842417
5 0.258655 0.106474 0.0229392 0.12128
5 0.712554 0.110123 0.018203 0.137559
5 0.744773 0.116781 0.0142336 0.109121
5 0.624472 0.110259 0.0273016 0.160684
6 0.604524 0.401855 0.0266581 0.0850322
5 0.536771 0.132669 0.0151706 0.0975133
6 0.527591 0.390096 0.0247046 0.0821697
7 0.318063 0.676326 0.0389532 0.0555194
7 0.365544 0.608168 0.0201551 0.0682797
3 0.744803 0.243572 0.0382827 0.0573399
5 0.413549 0.129695 0.0149029 0.0992692
6 0.356756 0.468383 0.044998 0.084481
6 0.311845 0.443174 0.0528709 0.106696
