0 0.499194 0.758409 0.167166 0.369151
3 0.733006 0.501422 0.102953 0.177215
3 0.86641 0.640628 0.107012 0.157043
3 0.624079 0.442906 0.0611744 0.116642
3 0.604134 0.596018 0.0753777 0.141075
3 0.835512 0.460309 0.0858807 0.145597
3 0.268982 0.432748 0.0248079 0.0387186
3 0.33558 0.428028 0.0197843 0.036947
3 0.257154 0.3913 0.0211687 0.0366567
3 0.310403 0.392815 0.0206502 0.0337622
3 0.0474863 0.518057 0.023803 0.0457459
3 0.289261 0.42765 0.0182883 0.0409227
6 0.856223 0.524687 0.0307934 0.0433316
5 0.91708 0.331921 0.0176664 0.0891529
3 0.41102 0.456504 0.0130108 0.0288344
6 0.843958 0.583643 0.064122 0.05761
5 0.784977 0.321095 0.0167053 0.0921733
3 0.334902 0.435307 0.0202785 0.0330712
6 0.591608 0.511998 0.024847 0.0343694
3 0.326468 0.388935 0.0151982 0.0323794
