3 0.327691 0.426053 0.0459492 0.0851859
3 0.251222 0.513702 0.0504891 0.0864341
3 0.580181 0.444425 0.0130968 0.0247543
3 0.225852 0.418686 0.044844 0.0746232
3 0.204627 0.608522 0.0299601 0.0646967
3 0.228844 0.561443 0.0250663 0.0448482
3 0.371056 0.485102 0.0369237 0.0716234
3 0.529041 0.41121 0.0176253 0.0320735
3 0.279181 0.477221 0.0365678 0.0654258
3 0.486739 0.410508 0.0146959 0.0280866
1 0.500157 0.730161 0.145033 0.408284
3 0.503794 0.380806 0.0182684 0.0258571
3 0.63798 0.470327 0.0182238 0.0341863
5 0.221486 0.342227 0.00943155 0.0490624
4 0.50373 0.789834 0.0259893 0.0720897
6 0.225921 0.463772 0.025689 0.0279275
5 0.208607 0.343577 0.00842662 0.0451533
6 0.311589 0.472809 0.0156889 0.0405616
3 0.534076 0.377288 0.0127686 0.0275463
5 0.3329 0.344636 0.00823002 0.0443667
7 0.269762 0.558015 0.024585 0.0335207
5 0.34528 0.343656 0.0105014 0.0532269
5 0.209849 0.342765 0.00999026 0.051973
5 0.337287 0.344953 0.00810089 0.0565301
