3 0.212741 0.627718 0.0459056 0.0762961
3 0.574116 0.51245 0.0449594 0.0858515
3 0.656471 0.433377 0.0525093 0.0934742
3 0.104 0.446082 0.0297885 0.0509275
0 0.50045 0.832197 0.147334 0.186102
3 0.599321 0.480404 0.0329702 0.0673673
4 0.502815 0.793808 0.0272601 0.0768873
3 0.183655 0.436605 0.022881 0.045361
3 0.698731 0.50619 0.0417727 0.0793415
3 0.155543 0.396654 0.0289948 0.0479394
3 0.556205 0.415372 0.0356693 0.0692636
3 0.0776147 0.399258 0.0310415 0.0467661
3 0.992846 0.685839 0.0142647 0.0862482
5 0.642959 0.341197 0.00897045 0.0522159
3 0.281616 0.559654 0.0306323 0.0566435
4 0.827747 0.554504 0.0268799 0.0161989
5 0.712215 0.338653 0.00979443 0.0524763
5 0.58513 0.342522 0.00834522 0.0554065
6 0.55475 0.457731 0.0195766 0.0318437
5 0.682557 0.341316 0.00998917 0.049757
5 0.557505 0.342527 0.00848885 0.0478992
5 0.658682 0.346764 0.00699139 0.0390341
6 0.693694 0.471028 0.0307528 0.0437916
5 0.639917 0.340865 0.00851771 0.0558446
5 0.546336 0.345473 0.00683079 0.0442742
7 0.588354 0.562009 0.0201758 0.0365665
5 0.613347 0.344237 0.00712967 0.0486834
7 0.690463 0.554579 0.026865 0.0355064
