3 0.735323 0.595821 0.171924 0.290242
6 0.788947 0.769468 0.069272 0.134335
3 0.667537 0.690089 0.107027 0.176409
3 0.949653 0.703793 0.100694 0.207726
5 0.78389 0.286366 0.0328707 0.203154
1 0.50076 0.72783 0.146633 0.406521
4 0.17232 0.732496 0.0459745 0.0441239
3 0.785385 0.473868 0.0905683 0.13905
7 0.678688 0.914766 0.0613237 0.0841846
5 0.638318 0.321765 0.014845 0.112042
5 0.670159 0.305734 0.0246254 0.149052
7 0.654919 0.810314 0.0599471 0.121611
5 0.950653 0.326047 0.0240124 0.110453
4 0.332643 0.642776 0.0286227 0.029956
5 0.739613 0.3297 0.0134304 0.0876402
5 0.810265 0.331772 0.0150648 0.0909934
6 0.641888 0.594067 0.0244881 0.055258
6 0.921172 0.591588 0.0318462 0.0723403
6 0.896701 0.791245 0.0315641 0.0893636
