3 0.436267 0.423748 0.0468681 0.0944737
1 0.500755 0.82582 0.147496 0.209762
3 0.358354 0.731827 0.0562361 0.11499
3 0.336018 0.417802 0.0470072 0.0801633
3 0.241327 0.542539 0.0327579 0.0576304
3 0.363543 0.51214 0.048968 0.0914083
3 0.594974 0.412863 0.016948 0.0330547
3 0.469276 0.487725 0.0357471 0.0750181
3 0.569795 0.383145 0.0175283 0.0311421
3 0.378126 0.468382 0.0325195 0.0503193
4 0.501303 0.795289 0.0214676 0.0739107
3 0.551669 0.413363 0.0174775 0.0339272
4 0.622922 0.542456 0.0163776 0.0185682
5 0.453812 0.34291 0.00877285 0.0463216
3 0.567493 0.382916 0.0199174 0.0382253
