3 0.271902 0.342934 0.109046 0.182234
3 0.24963 0.505974 0.0903151 0.143526
4 0.39852 0.427579 0.0453025 0.125057
4 0.28419 0.16986 0.0569986 0.160148
4 0.5489 0.418472 0.0726896 0.0793924
7 0.517778 0.582391 0.053966 0.0800424
4 0.295601 0.598862 0.0778227 0.121739
3 0.885962 0.238947 0.0573376 0.0823875
4 0.379169 0.706415 0.0851198 0.0603332
7 0.249066 0.595111 0.0514057 0.0847158
4 0.197597 0.672912 0.0622296 0.0800035
4 0.544851 0.646122 0.0411759 0.125472
4 0.45529 0.273031 0.0349049 0.100713
3 0.839087 0.484506 0.0267469 0.0465303
4 0.476491 0.599768 0.0530567 0.109875
6 0.30232 0.417439 0.0482094 0.0844897
3 0.764946 0.257657 0.0491799 0.0790364
3 0.99309 0.228695 0.0129089 0.0814504
3 0.750745 0.482658 0.0293913 0.0478399
5 0.221253 0.15937 0.0162059 0.0945275
6 0.442631 0.442803 0.0286444 0.0600583
3 0.738514 0.438539 0.0263773 0.0517075
5 0.210081 0.210695 0.026826 0.115449
4 0.322951 0.214382 0.0269706 0.095813
5 0.207611 0.200503 0.0169291 0.0892014
5 0.504466 0.249891 0.00897522 0.0690255
5 0.403711 0.155613 0.0163433 0.136131
7 0.443357 0.555844 0.0230862 0.0668983
5 0.486059 0.16793 0.0136727 0.117311
6 0.238115 0.429433 0.0578145 0.0786924
4 0.522456 0.623404 0.0291647 0.0542006
5 0.37222 0.267245 0.011798 0.0887283
5 0.547791 0.202937 0.014192 0.103283
5 0.503773 0.260398 0.0137486 0.0913095
7 0.394559 0.605936 0.024272 0.0855477
5 0.240809 0.209023 0.0136712 0.0649952
6 0.467494 0.433772 0.025596 0.0641142
5 0.528727 0.229458 0.0563061 0.168263
5 0.788151 0.384925 0.010948 0.0556919
5 0.539474 0.225186 0.031732 0.151098
5 0.373189 0.274401 0.0176097 0.105346
5 0.501197 0.271572 0.0199021 0.119608
5 0.212047 0.216037 0.0447093 0.116783
5 0.221118 0.178743 0.0246665 0.133828
