3 0.406818 0.361876 0.149844 0.258384
3 0.635936 0.599088 0.140942 0.24569
4 0.269779 0.510183 0.122714 0.129551
4 0.878369 0.852383 0.075116 0.212767
7 0.462738 0.71952 0.0427692 0.0874834
3 0.864852 0.242709 0.0425135 0.0750618
6 0.461936 0.480869 0.0445457 0.095418
3 0.697533 0.336271 0.112614 0.202531
6 0.594063 0.478432 0.05802 0.0969908
3 0.983889 0.345875 0.0312275 0.0555006
3 0.325446 0.55298 0.0651183 0.19223
5 0.332282 0.0966059 0.0216953 0.13838
5 0.445109 0.0923881 0.0204281 0.14867
3 0.870281 0.312967 0.027499 0.0525353
3 0.570894 0.50056 0.107524 0.173401
5 0.624631 0.108698 0.0257805 0.159427
7 0.429366 0.572656 0.0386644 0.0994107
7 0.360678 0.705606 0.0511917 0.0838339
7 0.590104 0.716413 0.0580238 0.0857212
5 0.712523 0.112778 0.020204 0.138951
5 0.258515 0.106321 0.0234797 0.120541
5 0.744842 0.115963 0.0145981 0.109777
5 0.536924 0.132807 0.0154955 0.0974334
6 0.527143 0.390514 0.0238688 0.080924
6 0.606012 0.396316 0.0246626 0.0800515
7 0.365235 0.606443 0.0208209 0.0721905
5 0.41305 0.128507 0.0158104 0.0957692
3 0.74444 0.243395 0.038799 0.0603767
6 0.35497 0.463739 0.048821 0.09081
6 0.673442 0.460686 0.0288961 0.05295
7 0.324246 0.676456 0.0258717 0.0548174
4 0.983766 0.400575 0.0106892 0.0366023
