3 0.387436 0.495338 0.0191315 0.0362805
3 0.946382 0.544364 0.0705069 0.107392
3 0.278713 0.448961 0.0286033 0.0530096
3 0.247221 0.402785 0.0273519 0.0390963
3 0.321705 0.400236 0.0309447 0.0392182
3 0.873219 0.427887 0.0584402 0.0911289
3 0.339329 0.438891 0.022135 0.0417248
3 0.984459 0.428437 0.0306824 0.0891661
1 0.499721 0.838821 0.14543 0.187302
3 0.895765 0.502808 0.053508 0.0749122
3 0.0332785 0.64763 0.0311506 0.0530666
5 0.861874 0.344335 0.00954361 0.0548594
5 0.87188 0.34449 0.0102057 0.0504394
5 0.884498 0.344875 0.00962448 0.0529185
5 0.988149 0.343297 0.0159889 0.071987
5 0.927512 0.342611 0.0121071 0.0650033
4 0.296816 0.739415 0.0117796 0.029262
5 0.915969 0.345153 0.0106659 0.0547707
3 0.888536 0.495163 0.0412825 0.0638502
