3 0.464694 0.253971 0.0833984 0.144719
3 0.833935 0.475524 0.0685639 0.115166
4 0.44715 0.51887 0.0703682 0.0945068
3 0.315681 0.276123 0.100689 0.177462
3 0.192873 0.428334 0.095003 0.162786
3 0.546649 0.523398 0.0591366 0.109312
3 0.221855 0.248247 0.0847181 0.143668
6 0.438309 0.359074 0.0529734 0.0778191
4 0.829732 0.579936 0.0236774 0.092728
3 0.356291 0.391861 0.0681091 0.122495
6 0.478826 0.338829 0.048069 0.0782594
7 0.21066 0.524164 0.0608116 0.0796471
3 0.648243 0.418324 0.0584832 0.10244
5 0.227083 0.102068 0.0158391 0.0930987
5 0.269216 0.0967792 0.0154778 0.112319
5 0.152167 0.0942745 0.0160714 0.100861
7 0.445164 0.46212 0.041502 0.0701826
5 0.319712 0.106124 0.0138073 0.0882408
7 0.255566 0.467281 0.026989 0.0545107
5 0.352902 0.097297 0.0150566 0.112772
5 0.17694 0.0977081 0.0200549 0.0997345
6 0.211185 0.357433 0.0514691 0.0752278
6 0.277469 0.365077 0.0188708 0.0837864
5 0.383374 0.109058 0.0131783 0.0917923
1 0.679447 0.870476 0.17437 0.093827
5 0.463226 0.0993028 0.016354 0.0966574
7 0.278357 0.538208 0.0168715 0.0637364
6 0.204806 0.349013 0.0516959 0.0858378
5 0.500544 0.101058 0.0141321 0.0930518
7 0.358883 0.529723 0.0177755 0.049351
6 0.195551 0.32051 0.0311869 0.0616077
7 0.488857 0.472106 0.0260355 0.0598149
