3 0.808977 0.420775 0.0477682 0.0721686
3 0.558501 0.503707 0.0231323 0.0398982
3 0.3058 0.619631 0.043714 0.0756305
3 0.406784 0.532701 0.0275179 0.0463301
3 0.725231 0.428825 0.0509508 0.0880729
3 0.84082 0.668895 0.0579372 0.0859375
3 0.803417 0.512499 0.0543983 0.0853637
3 0.661209 0.492002 0.0409779 0.0732371
3 0.679432 0.412087 0.0379461 0.0643852
3 0.556096 0.28958 0.0213337 0.0359408
0 0.498882 0.752472 0.167045 0.375998
4 0.337966 0.587347 0.0155136 0.0265276
6 0.788534 0.471364 0.0245546 0.0378404
5 0.811166 0.343357 0.00847816 0.0470231
5 0.687445 0.349466 0.00757847 0.0408524
3 0.74345 0.480241 0.031208 0.0596045
6 0.817004 0.460839 0.0246119 0.0266508
7 0.784589 0.556303 0.0318844 0.034049
