3 0.882213 0.56898 0.0536747 0.0782418
3 0.715357 0.519456 0.0371603 0.0617474
3 0.44141 0.429395 0.0502136 0.0902872
3 0.583054 0.429295 0.0518764 0.0917131
3 0.516044 0.525719 0.0543529 0.0979835
3 0.612368 0.490928 0.0280117 0.0479516
3 0.446604 0.496623 0.0422234 0.0641021
3 0.565596 0.487103 0.0458134 0.0768997
3 0.503005 0.418301 0.0370922 0.0731016
4 0.876779 0.630774 0.0208328 0.0575356
4 0.712594 0.567559 0.0164009 0.0454924
4 0.879168 0.631242 0.0299885 0.0639464
4 0.611593 0.531697 0.0175758 0.0403601
