3 0.0849101 0.560459 0.0759429 0.115088
3 0.352122 0.521595 0.0243625 0.041531
3 0.19408 0.445342 0.0656008 0.106291
3 0.26091 0.513085 0.0450453 0.0907559
3 0.146553 0.508632 0.036841 0.0841724
3 0.420936 0.413839 0.0169205 0.0308649
3 0.308723 0.464406 0.0158015 0.0284962
3 0.0598377 0.439556 0.0713569 0.102849
1 0.499177 0.725167 0.146365 0.409621
4 0.503704 0.782008 0.0215275 0.0755271
3 0.462776 0.414943 0.0201711 0.0344589
3 0.233413 0.417673 0.0389272 0.072268
7 0.113311 0.61474 0.037602 0.0420135
6 0.107277 0.509233 0.0336836 0.0507306
5 0.263084 0.34494 0.0120972 0.0629546
3 0.438815 0.382204 0.0151855 0.0278415
5 0.0311521 0.340777 0.0223241 0.0682165
5 0.216364 0.338384 0.0103533 0.0554668
5 0.0761003 0.338533 0.0151937 0.0698414
5 0.112858 0.344097 0.0111876 0.0573074
5 0.0526856 0.340858 0.0111421 0.0548337
5 0.163655 0.338554 0.0116814 0.0729908
6 0.253691 0.472132 0.0290517 0.0450506
6 0.0561801 0.493093 0.0381949 0.0371016
3 0.470645 0.381574 0.0125608 0.0272975
6 0.217311 0.498491 0.0187157 0.0555775
5 0.214818 0.339736 0.00936213 0.0618932
7 0.255263 0.566438 0.0313346 0.0416936
6 0.251014 0.478513 0.0272486 0.0433146
6 0.17252 0.511053 0.0142504 0.0649846
4 0.524806 0.444211 0.0162539 0.0146947
5 0.244513 0.342377 0.00847778 0.0458202
