0 0.499141 0.76059 0.165204 0.367191
3 0.964826 0.47353 0.0703478 0.146219
3 0.554372 0.513085 0.0308016 0.0511122
4 0.554238 0.560704 0.012195 0.0421334
3 0.816613 0.575776 0.0778772 0.124748
3 0.688955 0.513543 0.0331638 0.0533771
3 0.760838 0.439952 0.0614065 0.106137
3 0.922686 0.437941 0.0595421 0.110983
4 0.687672 0.561901 0.0147738 0.0417377
3 0.814492 0.504568 0.0506303 0.0585451
6 0.935084 0.539173 0.0496727 0.0618834
7 0.939177 0.593612 0.0196144 0.0512348
5 0.753832 0.34317 0.0113131 0.0581991
3 0.991881 0.587421 0.0157108 0.0932348
