3 0.199282 0.61226 0.0447588 0.0706846
3 0.204932 0.681266 0.0583779 0.0899212
3 0.499653 0.404726 0.0319525 0.0518551
3 0.399068 0.469837 0.0345468 0.0565655
3 0.444819 0.413663 0.035767 0.0635278
3 0.23575 0.511563 0.0242216 0.0402401
3 0.409823 0.403659 0.0332575 0.0512187
3 0.497813 0.470263 0.035474 0.061551
3 0.285455 0.289577 0.0210528 0.0384064
0 0.501242 0.751586 0.159739 0.38402
3 0.789823 0.421796 0.0208096 0.0342076
3 0.873579 0.388702 0.0198219 0.0344199
3 0.811574 0.387912 0.0215328 0.0339579
3 0.458492 0.456837 0.0229517 0.0502321
4 0.211368 0.531302 0.0231251 0.0141832
