3 0.849813 0.504829 0.112706 0.178021
3 0.96368 0.476105 0.072419 0.150589
3 0.431155 0.573705 0.0318583 0.0665701
3 0.833741 0.616398 0.084197 0.124289
6 0.878304 0.619287 0.0626003 0.100822
7 0.86476 0.792055 0.0655369 0.105049
5 0.867307 0.323046 0.0189205 0.115172
5 0.816845 0.330343 0.0180172 0.106138
7 0.814635 0.730073 0.0470151 0.0831745
0 0.500448 0.835462 0.145959 0.181622
5 0.851825 0.336379 0.015559 0.0790486
5 0.943463 0.332443 0.0160831 0.0775485
7 0.818904 0.686034 0.0428755 0.0814186
4 0.190866 0.567618 0.0261019 0.0196704
7 0.866097 0.698994 0.0202019 0.0471869
4 0.011211 0.561787 0.0220852 0.0201156
0 0.501708 0.723866 0.145292 0.416396
