3 0.664154 0.525447 0.0535858 0.0910312
3 0.582541 0.436116 0.0548208 0.0976803
3 0.670957 0.424645 0.0482592 0.0784362
3 0.611396 0.488119 0.0371498 0.0698879
4 0.933536 0.62095 0.0354038 0.0285444
0 0.498932 0.850273 0.167252 0.188124
4 0.835713 0.554964 0.0228622 0.0176483
3 0.547297 0.420572 0.0320032 0.0763875
5 0.668641 0.344072 0.0105927 0.0478548
3 0.493233 0.537091 0.0256595 0.0437944
7 0.646433 0.574343 0.028787 0.0362776
6 0.652306 0.477792 0.0202703 0.0357471
6 0.678028 0.466901 0.0251144 0.0296056
5 0.689929 0.345402 0.00855967 0.0489365
