3 0.407286 0.362408 0.148912 0.256392
3 0.638336 0.602614 0.144314 0.240322
6 0.463168 0.482109 0.0450909 0.0976364
4 0.259949 0.502447 0.1308 0.133292
7 0.463336 0.719935 0.0436319 0.0903534
3 0.322491 0.550246 0.069579 0.203242
6 0.597591 0.482965 0.100303 0.138983
3 0.69724 0.336452 0.12202 0.205975
3 0.983911 0.345464 0.0309439 0.0556641
3 0.865329 0.241766 0.0428265 0.0726005
5 0.332334 0.0965968 0.0214893 0.145054
7 0.589976 0.714894 0.055032 0.0837068
5 0.445081 0.092901 0.0199905 0.148773
7 0.429218 0.573163 0.0379821 0.0967035
6 0.688233 0.448572 0.0534584 0.0734984
5 0.258588 0.106068 0.0230126 0.121775
3 0.869922 0.310103 0.0296711 0.0488859
5 0.744852 0.116805 0.014215 0.109147
3 0.565334 0.499987 0.0957405 0.17334
7 0.360718 0.703206 0.0511421 0.0835123
5 0.712726 0.110701 0.0178608 0.135842
5 0.625405 0.107132 0.0257151 0.156706
6 0.604189 0.398257 0.0252039 0.0813593
5 0.537224 0.132373 0.0151159 0.0972702
5 0.413571 0.130325 0.01562 0.0978704
6 0.527718 0.389824 0.0247217 0.0803377
3 0.74464 0.2432 0.0383251 0.0560447
7 0.3652 0.607581 0.0211766 0.0664606
6 0.356286 0.469412 0.0466315 0.0839463
5 0.619529 0.130195 0.0181347 0.113991
4 0.982854 0.397486 0.0106991 0.0444077
7 0.320463 0.675016 0.0329356 0.051034
6 0.316705 0.447486 0.0434353 0.0966083
