3 0.320864 0.333955 0.115309 0.195446
3 0.243843 0.5109 0.101909 0.152696
4 0.358197 0.612005 0.0596425 0.119823
4 0.45755 0.720904 0.08349 0.0747057
3 0.655514 0.274257 0.0434322 0.0689119
4 0.216771 0.699965 0.0821461 0.0780731
4 0.351319 0.141016 0.0476619 0.175374
7 0.529995 0.597786 0.0591 0.104708
3 0.869087 0.256537 0.0513908 0.0738416
3 0.759684 0.266372 0.0480461 0.0684706
7 0.245813 0.600921 0.0574731 0.0814707
4 0.470267 0.427947 0.0619129 0.124344
6 0.362431 0.418393 0.0395932 0.0902822
4 0.431759 0.262414 0.0275488 0.0976244
7 0.286392 0.609805 0.0429597 0.0855676
6 0.524411 0.433137 0.0454584 0.0829858
4 0.592207 0.639558 0.0364695 0.137593
6 0.425623 0.442251 0.0231112 0.0726503
4 0.575448 0.418945 0.0670247 0.0664893
7 0.461099 0.610018 0.0438846 0.0806766
5 0.208613 0.165462 0.0170977 0.108996
4 0.286071 0.187944 0.0240092 0.0867759
5 0.260693 0.12683 0.014948 0.11878
5 0.483565 0.136919 0.0136749 0.129952
5 0.489415 0.253743 0.0126197 0.0815908
6 0.249951 0.427877 0.0440977 0.0751377
6 0.284092 0.432194 0.0380006 0.0834172
6 0.286608 0.443493 0.029335 0.0645817
3 0.675214 0.482051 0.0167852 0.0398428
4 0.546314 0.653387 0.0368755 0.0596097
5 0.223678 0.192223 0.0165006 0.0932493
5 0.236303 0.21297 0.0485328 0.140323
5 0.548056 0.1554 0.0129099 0.0968693
7 0.29367 0.591396 0.0235003 0.0940136
