3 0.322221 0.511042 0.0451252 0.0844268
3 0.0168683 0.579723 0.0337365 0.0627253
3 0.381785 0.432887 0.0482487 0.0938072
3 0.291514 0.675711 0.0476095 0.0887158
3 0.452233 0.503925 0.0416381 0.0789895
3 0.33777 0.415602 0.0414109 0.0737426
3 0.0150047 0.397187 0.0294532 0.0506764
3 0.342727 0.70568 0.0523742 0.100144
4 0.879039 0.714462 0.0262222 0.0363258
1 0.500393 0.726055 0.141906 0.402801
3 0.450544 0.413196 0.0390144 0.0745243
4 0.496875 0.788082 0.019372 0.0728699
6 0.332685 0.475042 0.0286395 0.0437181
3 0.0539535 0.438976 0.0280833 0.0372478
5 0.316472 0.345141 0.0102334 0.0526209
5 0.466176 0.344997 0.00829391 0.0501889
5 0.341536 0.348824 0.00786419 0.0475299
5 0.410721 0.346712 0.00845108 0.0579641
6 0.324097 0.468451 0.0276475 0.0393158
5 0.31404 0.342146 0.00916052 0.057084
5 0.303975 0.345276 0.0086772 0.0519244
6 0.358616 0.464605 0.0165044 0.0411614
1 0.499971 0.838502 0.143669 0.177681
5 0.35759 0.343204 0.00761604 0.0631733
7 0.332223 0.560713 0.0280617 0.0349133
