3 0.330259 0.57527 0.0327696 0.0648817
3 0.426895 0.659825 0.0460653 0.0903605
3 0.431749 0.52216 0.0248161 0.0398149
3 0.488199 0.516901 0.0225934 0.0252454
3 0.646205 0.400075 0.0379674 0.0370442
4 0.300751 0.610958 0.0148106 0.0599635
3 0.944782 0.387955 0.0181459 0.0352364
3 0.577219 0.518239 0.032596 0.0299674
3 0.562306 0.398253 0.0261833 0.0368186
3 0.684008 0.519476 0.0282172 0.0232917
3 0.888675 0.386404 0.0189968 0.0304064
3 0.866438 0.383594 0.0204988 0.0341142
5 0.565538 0.34538 0.00981839 0.0410961
3 0.942129 0.386791 0.0222467 0.0415817
5 0.636004 0.332803 0.00900936 0.0502066
5 0.585704 0.345383 0.00941906 0.0468069
