3 0.0738584 0.0943572 0.142985 0.180814
3 0.482043 0.0973435 0.125816 0.179991
3 0.0898836 0.281962 0.122977 0.188375
3 0.295927 0.328978 0.153624 0.261273
6 0.456113 0.196626 0.0857112 0.11709
6 0.391697 0.185106 0.0376341 0.0787089
4 0.0973788 0.599795 0.0942756 0.10618
4 0.477424 0.391021 0.104909 0.155726
7 0.0563546 0.411166 0.0790008 0.104218
6 0.107247 0.183301 0.0871054 0.131461
4 0.468215 0.398243 0.0799725 0.140073
7 0.115143 0.438112 0.0934493 0.12497
7 0.0463747 0.402617 0.0602607 0.0812815
6 0.13317 0.200886 0.045507 0.102745
6 0.357181 0.190205 0.0276156 0.1165
7 0.0633743 0.41299 0.0766349 0.131528
7 0.236836 0.454997 0.0220246 0.103208
