3 0.696962 0.367157 0.0907118 0.150702
3 0.607205 0.57729 0.0956038 0.164422
0 0.0829806 0.572239 0.165961 0.44477
4 0.528506 0.492853 0.0299484 0.100715
3 0.5043 0.305311 0.0744318 0.12798
3 0.623689 0.445196 0.0627367 0.114457
4 0.423954 0.719582 0.0681772 0.0786567
6 0.69111 0.459791 0.0563275 0.0743118
6 0.41909 0.454599 0.0604228 0.0800776
7 0.425089 0.605571 0.0556533 0.0839824
7 0.483856 0.647426 0.0430938 0.0578339
6 0.569116 0.498933 0.029736 0.0648777
5 0.675739 0.183155 0.0145541 0.103787
6 0.483367 0.488693 0.0431546 0.0665198
5 0.724487 0.206939 0.0159735 0.108031
7 0.418283 0.526119 0.0307703 0.0492459
5 0.623402 0.169364 0.0139359 0.0864383
6 0.414941 0.400558 0.0572992 0.0964313
7 0.569318 0.656458 0.0300711 0.0467651
6 0.42723 0.462944 0.047769 0.0684215
5 0.675661 0.18841 0.0192213 0.111474
5 0.584771 0.248288 0.0146265 0.106835
4 0.708825 0.639063 0.0263191 0.0759545
7 0.41265 0.585958 0.0544429 0.101584
4 0.413671 0.398497 0.0536208 0.0931773
7 0.424132 0.528703 0.0352169 0.0539773
