3 0.406985 0.361819 0.149428 0.256914
3 0.637804 0.602929 0.143324 0.239284
4 0.257931 0.497253 0.126945 0.132183
7 0.463011 0.719589 0.042931 0.0899255
6 0.46313 0.481246 0.0451271 0.0965997
3 0.321342 0.550208 0.0707032 0.203291
3 0.864978 0.241856 0.0434109 0.0733222
3 0.983504 0.345439 0.0318748 0.0561542
6 0.595621 0.482848 0.0966228 0.140467
5 0.44507 0.0918021 0.0202 0.149729
5 0.332052 0.0956763 0.0218618 0.141611
3 0.867759 0.314012 0.0322365 0.0576356
7 0.58956 0.717089 0.0568212 0.0898156
3 0.698037 0.335216 0.116548 0.200293
5 0.258364 0.106678 0.0240204 0.122392
5 0.744827 0.116216 0.0144149 0.107706
5 0.712422 0.111857 0.0182806 0.13919
7 0.361064 0.702788 0.0508791 0.0830179
6 0.604656 0.397759 0.0248837 0.0791913
7 0.429692 0.572508 0.0390294 0.100445
3 0.567283 0.501719 0.0998857 0.171598
5 0.62541 0.10709 0.0260887 0.157068
5 0.537158 0.132702 0.0153273 0.0972323
6 0.527483 0.38954 0.0239122 0.0816071
5 0.413433 0.130069 0.015094 0.0973501
7 0.321625 0.675445 0.0317679 0.0520049
7 0.3654 0.60637 0.0213793 0.0719098
3 0.743089 0.243229 0.035019 0.0578612
6 0.35608 0.470401 0.0486906 0.087409
5 0.619836 0.119769 0.0191494 0.132971
6 0.695039 0.443721 0.0638198 0.0771442
4 0.982784 0.402007 0.0113884 0.0355408
