3 0.131197 0.521926 0.136515 0.199684
7 0.108504 0.833827 0.0627856 0.0867444
0 0.497869 0.747151 0.161423 0.379949
6 0.0899535 0.640897 0.0691262 0.100476
3 0.269741 0.427532 0.0226704 0.0379496
3 0.0489394 0.472615 0.0962481 0.136138
3 0.186068 0.621546 0.0887217 0.136357
3 0.270008 0.388439 0.0210613 0.0331696
3 0.231269 0.392295 0.0242987 0.0368151
3 0.325786 0.437434 0.0155036 0.0244985
5 0.175868 0.326679 0.0168012 0.101565
5 0.0967392 0.320783 0.0264126 0.126728
5 0.0095368 0.336857 0.016661 0.0827077
3 0.238019 0.423347 0.0164498 0.0326735
6 0.170793 0.593841 0.0655645 0.0904027
7 0.179581 0.761209 0.0526433 0.0776254
3 0.196648 0.424215 0.0226995 0.0335359
6 0.0173702 0.558785 0.0175102 0.0623864
5 0.200464 0.333326 0.0126586 0.0811874
