3 0.923484 0.86048 0.153033 0.274885
3 0.937202 0.523464 0.125596 0.212838
3 0.244422 0.536379 0.0286077 0.0488681
5 0.911357 0.308944 0.0315813 0.163297
3 0.434567 0.434898 0.0214616 0.0422601
3 0.429089 0.391143 0.0231251 0.0371518
3 0.494536 0.428531 0.0186522 0.0416028
3 0.470058 0.393557 0.0237885 0.04178
5 0.963945 0.323969 0.0249353 0.118704
4 0.291264 0.560408 0.024684 0.0211822
6 0.917044 0.687291 0.0691444 0.0939879
3 0.452475 0.425603 0.0168176 0.0400392
1 0.498259 0.727944 0.137999 0.391478
4 0.294332 0.493865 0.0156907 0.0188388
1 0.500575 0.833779 0.145348 0.194105
4 0.573265 0.621729 0.0133003 0.0354431
