0 0.505973 0.838902 0.160496 0.192049
3 0.0338636 0.628653 0.0677272 0.150466
3 0.119759 0.453562 0.0790366 0.120616
3 0.0810433 0.549935 0.0796735 0.109216
3 0.882574 0.470391 0.0429625 0.0637131
3 0.920528 0.411829 0.0360039 0.043551
3 0.780636 0.451152 0.0240248 0.042611
3 0.816859 0.407127 0.0345673 0.0448322
3 0.669308 0.482486 0.0181206 0.0329482
5 0.0382007 0.339714 0.0160855 0.0918637
5 0.058237 0.344111 0.0114359 0.0631585
5 0.134559 0.341101 0.0125989 0.0635742
5 0.121015 0.338727 0.0118115 0.067095
6 0.114404 0.514348 0.0354326 0.0406171
5 0.10132 0.343693 0.0119406 0.0553937
