3 0.0647137 0.868076 0.105027 0.158237
3 0.685298 0.545893 0.0298901 0.0537984
3 0.231463 0.610156 0.0395806 0.074815
3 0.493411 0.415254 0.0379136 0.071907
3 0.548208 0.501715 0.0403026 0.0761344
3 0.609117 0.419134 0.0403398 0.0753695
3 0.552839 0.407754 0.0253723 0.0618901
3 0.501072 0.47569 0.0304468 0.0580719
4 0.870748 0.590136 0.0304943 0.0237825
5 0.491103 0.346535 0.00913506 0.0401377
5 0.607131 0.343989 0.00694695 0.0395444
5 0.532775 0.345501 0.00787334 0.0447241
5 0.505624 0.347555 0.00709972 0.0368554
5 0.566819 0.341797 0.00758139 0.0446544
5 0.483077 0.345981 0.00708933 0.0391328
4 0.489101 0.809676 0.0438357 0.0496633
6 0.598184 0.465672 0.0208821 0.0412445
5 0.62134 0.34399 0.00892976 0.0384576
5 0.488974 0.345158 0.00936947 0.0437547
5 0.611398 0.34368 0.00834141 0.0463266
7 0.607995 0.52449 0.0261721 0.0388036
