0 0.500461 0.753485 0.160354 0.367361
3 0.0660226 0.598524 0.0966843 0.133787
3 0.605506 0.440872 0.0157491 0.0295458
3 0.542615 0.392654 0.0232328 0.038757
3 0.0832276 0.451699 0.0839172 0.122544
3 0.592174 0.390362 0.0191207 0.0340144
3 0.523021 0.425192 0.0164715 0.0353675
6 0.0269802 0.552261 0.048516 0.0679637
3 0.578525 0.427361 0.0261633 0.0396519
7 0.0386194 0.686609 0.0487575 0.0724681
6 0.0963755 0.513721 0.0378647 0.0475049
3 0.67553 0.446767 0.0142033 0.0302923
5 0.104323 0.342252 0.0109585 0.0649742
5 0.032281 0.337283 0.0187692 0.088374
6 0.10078 0.506908 0.0356235 0.0526262
5 0.0839591 0.336944 0.015345 0.0672097
