3 0.263117 0.426252 0.0517868 0.0842162
3 0.391453 0.560261 0.0323782 0.0544244
0 0.499945 0.75253 0.157729 0.374333
3 0.177136 0.512706 0.0562107 0.084831
3 0.142976 0.42048 0.0455485 0.0704102
4 0.602549 0.862385 0.0423479 0.0638452
3 0.307247 0.483259 0.0387789 0.0678769
3 0.205072 0.476876 0.0415267 0.0629964
4 0.763276 0.720519 0.0209265 0.0509182
6 0.302056 0.449981 0.0237814 0.0357023
6 0.151501 0.464886 0.0230057 0.0289637
7 0.201815 0.554613 0.0250353 0.0326572
6 0.302268 0.456842 0.0243515 0.0426246
4 0.494137 0.623279 0.0186846 0.0268701
4 0.0859423 0.541331 0.0114538 0.018484
6 0.14417 0.462223 0.0245884 0.0304733
5 0.310786 0.348522 0.00860157 0.0458989
7 0.248902 0.546112 0.0179876 0.0372763
5 0.261506 0.351917 0.00699201 0.0411813
5 0.212008 0.349325 0.00840912 0.0423375
