3 0.36969 0.578991 0.0689971 0.122862
3 0.103248 0.395772 0.0279171 0.0421396
3 0.236039 0.470833 0.0862025 0.130044
3 0.415685 0.441247 0.0536434 0.103575
3 0.201495 0.563452 0.0753669 0.111456
7 0.225376 0.649258 0.0413682 0.0462955
6 0.269022 0.534477 0.0372193 0.0620162
3 0.274625 0.428278 0.0425928 0.0791697
3 0.363631 0.503017 0.052834 0.0664841
7 0.274028 0.658791 0.0415012 0.0439937
6 0.415814 0.498442 0.0313499 0.0450248
7 0.346144 0.648913 0.0289926 0.0467595
3 0.0925578 0.427368 0.0217467 0.0375541
3 0.0577279 0.438569 0.0329168 0.0451668
3 0.407462 0.542812 0.0260901 0.0480923
5 0.283071 0.344913 0.00873607 0.0516146
7 0.201219 0.629578 0.0398055 0.04971
6 0.209835 0.524605 0.0572087 0.0636934
3 0.0498408 0.391157 0.029954 0.0364323
5 0.346602 0.337012 0.0118704 0.0804571
5 0.191382 0.338419 0.014594 0.0788573
7 0.214293 0.640345 0.0640195 0.0644175
7 0.197347 0.623831 0.0338621 0.040066
5 0.16517 0.337298 0.00985932 0.0704709
6 0.342119 0.529474 0.0279739 0.0536001
5 0.244875 0.336579 0.0149672 0.0774964
3 0.125838 0.390152 0.0200062 0.0354706
7 0.221619 0.644226 0.0498716 0.0551137
0 0.500353 0.848241 0.161598 0.187554
5 0.240664 0.336755 0.0103281 0.0702176
7 0.418386 0.591587 0.029039 0.0436428
6 0.199761 0.517651 0.0493428 0.0572891
3 0.158296 0.454244 0.015174 0.0309708
3 0.141398 0.431231 0.0247972 0.0372643
7 0.417394 0.585609 0.0263207 0.0372668
5 0.427002 0.345471 0.0116419 0.0586334
7 0.210658 0.62965 0.0585071 0.050442
5 0.380323 0.347526 0.00775436 0.0477924
5 0.396949 0.342071 0.00990915 0.0622785
6 0.407204 0.500792 0.0310009 0.0435779
