3 0.664012 0.513191 0.0491383 0.0904208
3 0.550922 0.489757 0.0404831 0.0757783
3 0.588092 0.426437 0.0484179 0.0897457
0 0.500408 0.832108 0.147494 0.187052
3 0.685581 0.418438 0.0444574 0.0776746
3 0.518819 0.598976 0.0329176 0.063102
4 0.500098 0.796781 0.0212262 0.0742978
4 0.0252233 0.802546 0.0504466 0.0674208
3 0.635381 0.477601 0.031741 0.0662522
5 0.544112 0.345253 0.00819187 0.0472353
4 0.328245 0.541915 0.0173964 0.0176573
5 0.56893 0.343484 0.0111115 0.0480482
5 0.603407 0.343337 0.00946789 0.0533127
7 0.643519 0.55974 0.0260201 0.0359405
5 0.659545 0.343651 0.0106493 0.0565946
6 0.603579 0.475409 0.0166023 0.042155
5 0.688929 0.34195 0.00924664 0.0501237
7 0.552557 0.536166 0.0265549 0.038571
5 0.629129 0.346298 0.00784721 0.0392777
7 0.601289 0.549387 0.0192307 0.0407836
5 0.586956 0.347027 0.00763111 0.0493429
