3 0.136972 0.563857 0.0742569 0.121173
3 0.278798 0.66601 0.0483634 0.087424
3 0.0214989 0.452261 0.0429469 0.133585
3 0.565099 0.631835 0.0399088 0.085528
3 0.199903 0.508465 0.0575132 0.086217
3 0.0285957 0.543407 0.054887 0.0894841
3 0.592791 0.589106 0.0359615 0.0755232
3 0.103969 0.434687 0.0527551 0.103333
3 0.217259 0.434249 0.0589173 0.106408
3 0.250664 0.512373 0.0266381 0.051418
7 0.0408802 0.63813 0.0546183 0.0462974
1 0.500433 0.727922 0.146157 0.413876
6 0.0275407 0.527944 0.0524437 0.0579295
7 0.0126215 0.618663 0.0252129 0.0498289
7 0.0160166 0.628415 0.0314917 0.0573148
5 0.215244 0.339097 0.00917063 0.0568875
7 0.0294855 0.636469 0.0425983 0.0507086
5 0.185634 0.341986 0.00876331 0.0469131
5 0.0873216 0.332917 0.0144062 0.068066
