3 0.871261 0.317576 0.0643631 0.112943
3 0.124217 0.371545 0.0655359 0.109114
3 0.603912 0.297424 0.0850647 0.139949
4 0.484838 0.818617 0.0748386 0.0679223
3 0.46919 0.399612 0.0689255 0.131289
4 0.862319 0.408858 0.0212997 0.0754228
5 0.593918 0.141136 0.014172 0.0894239
3 0.658556 0.190056 0.0555586 0.0972529
6 0.574524 0.388077 0.0279072 0.0701398
6 0.498349 0.427891 0.0167356 0.0658434
3 0.992859 0.863929 0.0142816 0.166416
7 0.64093 0.582636 0.0549988 0.0639423
7 0.364518 0.633786 0.0486381 0.0488144
6 0.633591 0.361271 0.0556261 0.0631867
4 0.351527 0.647864 0.0703302 0.0536679
6 0.355887 0.435562 0.0513287 0.0841653
3 0.9915 0.844558 0.0169999 0.21117
5 0.498458 0.129082 0.0143181 0.0954309
