3 0.491949 0.531146 0.113047 0.222123
3 0.859057 0.779114 0.281886 0.441772
3 0.632948 0.683373 0.0913542 0.182226
3 0.285555 0.660829 0.047107 0.0866905
5 0.39803 0.285112 0.0281573 0.195116
3 0.465268 0.902381 0.195791 0.195237
5 0.446372 0.250702 0.0368855 0.266571
3 0.295591 0.500185 0.0218807 0.0433264
5 0.931537 0.310832 0.0320766 0.149658
3 0.850219 0.509814 0.14404 0.166142
6 0.447969 0.767677 0.0881256 0.10436
3 0.0252008 0.411117 0.0452756 0.063756
6 0.469866 0.669219 0.051144 0.111269
3 0.0856008 0.459886 0.0367355 0.0587223
3 0.0125745 0.4599 0.0232401 0.0634022
3 0.164012 0.480024 0.0192082 0.0388137
6 0.534858 0.651695 0.0314693 0.0659479
5 0.677529 0.326245 0.0162795 0.104844
3 0.0666251 0.402843 0.0367304 0.0536493
6 0.504702 0.918274 0.138454 0.163452
5 0.600045 0.325182 0.0144318 0.102255
5 0.841267 0.21794 0.0720179 0.398955
5 0.499041 0.32168 0.0140131 0.113837
