3 0.820108 0.695958 0.0780228 0.120821
3 0.639954 0.574093 0.0439098 0.0771264
3 0.188143 0.583633 0.0820605 0.132981
3 0.311174 0.452858 0.0707579 0.12515
3 0.364888 0.530832 0.0529964 0.0949624
4 0.811728 0.789773 0.026897 0.0879496
3 0.555244 0.516596 0.0319399 0.0545607
3 0.144339 0.448688 0.076949 0.120958
4 0.637464 0.638062 0.0156563 0.0553453
3 0.225791 0.516791 0.0551686 0.0867601
4 0.554011 0.566814 0.0125188 0.0463516
0 0.49707 0.760594 0.169346 0.366765
5 0.287417 0.333697 0.0119262 0.0589942
7 0.141656 0.611712 0.0242396 0.0419569
5 0.338025 0.342541 0.0132643 0.0625467
5 0.370852 0.346358 0.0107969 0.0569606
6 0.358821 0.489024 0.0332027 0.0561837
