3 0.222245 0.49453 0.0953954 0.178879
3 0.325167 0.440393 0.0597091 0.103906
3 0.0951451 0.637062 0.102717 0.163951
3 0.122336 0.462303 0.0817603 0.136638
3 0.345217 0.580826 0.0667502 0.12878
3 0.86109 0.664203 0.0564804 0.0908556
3 0.407151 0.78302 0.0661175 0.135893
3 0.620648 0.389864 0.0188433 0.0371892
3 0.59613 0.422615 0.0185831 0.03793
3 0.651458 0.424576 0.0214443 0.0344968
3 0.660214 0.38783 0.018841 0.031321
3 0.466565 0.470864 0.0146441 0.0338693
1 0.49998 0.832352 0.146181 0.188202
4 0.778607 0.529789 0.019338 0.0182827
5 0.358837 0.337723 0.0100278 0.0707532
5 0.171593 0.326058 0.0189978 0.0942239
5 0.0704144 0.33356 0.0320672 0.106697
5 0.0460478 0.333251 0.0273118 0.102728
5 0.339951 0.335702 0.0138926 0.0711899
3 0.613003 0.388389 0.0252033 0.0368671
5 0.255166 0.327505 0.0174234 0.0869565
4 0.838814 0.520744 0.0172035 0.0234454
6 0.103585 0.523551 0.0301662 0.0449692
6 0.325559 0.541237 0.0368655 0.0648952
5 0.0667362 0.329149 0.0227292 0.102166
5 0.318238 0.338649 0.00980879 0.0535322
5 0.207091 0.339477 0.0104346 0.057502
5 0.0746123 0.337519 0.0269071 0.0985393
5 0.0798034 0.335118 0.0158151 0.0872779
5 0.126259 0.336603 0.0150774 0.0666799
3 0.63368 0.420776 0.0141954 0.0374416
4 0.778295 0.527346 0.0217267 0.0192704
