0 0.499485 0.75863 0.164924 0.370244
3 0.749698 0.584091 0.0775846 0.127021
3 0.447608 0.527091 0.033435 0.0572307
3 0.58252 0.514039 0.0305496 0.0516861
3 0.897761 0.468303 0.0983124 0.137402
3 0.678787 0.443966 0.0585387 0.107995
3 0.909088 0.571017 0.0735317 0.0988281
3 0.818282 0.436276 0.0587461 0.09918
6 0.861131 0.537756 0.0472046 0.0552904
4 0.581514 0.56492 0.01109 0.042435
6 0.684887 0.503532 0.0357759 0.0575017
3 0.715953 0.514646 0.0558931 0.0813178
4 0.448554 0.579763 0.0135128 0.0413634
5 0.897257 0.332799 0.0150368 0.0758529
7 0.901176 0.649105 0.0433592 0.0387007
5 0.918961 0.340321 0.0100922 0.0601166
5 0.78842 0.328921 0.0122429 0.0608991
5 0.67203 0.342514 0.0125681 0.0612348
6 0.868929 0.53808 0.0349304 0.0612632
