3 0.963808 0.637632 0.0723846 0.158201
7 0.971028 0.740731 0.0579443 0.129324
3 0.861986 0.3938 0.024888 0.0438209
3 0.817228 0.389025 0.0249374 0.0358394
3 0.817538 0.430164 0.0246109 0.0388193
4 0.503208 0.769736 0.0242136 0.0789799
3 0.843439 0.424967 0.0188618 0.0402509
6 0.976577 0.570141 0.0463715 0.0896725
3 0.889704 0.43307 0.0193018 0.0409457
3 0.748545 0.451582 0.0150613 0.0261134
5 0.993895 0.332236 0.0111145 0.0953044
5 0.974796 0.329168 0.0180466 0.0932674
3 0.886319 0.391759 0.0219959 0.0394904
5 0.975425 0.336981 0.0234539 0.110128
5 0.979474 0.346862 0.0338722 0.129285
6 0.987889 0.545025 0.0235874 0.0494611
