3 0.406663 0.362039 0.150134 0.258284
3 0.636934 0.598556 0.138894 0.24611
4 0.880387 0.861657 0.0771595 0.202884
4 0.26962 0.508969 0.123092 0.130744
7 0.462498 0.720199 0.0422667 0.0887226
3 0.864511 0.242459 0.0432011 0.0754297
6 0.461941 0.480933 0.0446341 0.0954702
3 0.698384 0.335547 0.116323 0.202494
3 0.864785 0.31521 0.0379194 0.0614742
3 0.983813 0.345864 0.0313875 0.0556268
6 0.594263 0.478602 0.0575997 0.098833
3 0.325223 0.553867 0.0654719 0.191609
7 0.589253 0.716508 0.0566851 0.0872487
5 0.445094 0.0924538 0.0205122 0.148884
5 0.332222 0.0966998 0.0217474 0.138352
7 0.360807 0.705741 0.0516376 0.0838031
5 0.624653 0.108747 0.0258396 0.159741
3 0.570268 0.500505 0.106471 0.173229
7 0.429571 0.572817 0.039189 0.0998848
5 0.258507 0.106421 0.0235344 0.120838
5 0.712509 0.113038 0.0200418 0.138624
5 0.744654 0.116336 0.0145639 0.109734
5 0.536937 0.132747 0.015423 0.097306
6 0.606029 0.396358 0.0248761 0.080829
6 0.527213 0.390699 0.02379 0.0813277
3 0.743973 0.242302 0.0375879 0.0572413
5 0.413119 0.128968 0.0157529 0.0946595
6 0.68184 0.445698 0.0408655 0.0588109
7 0.365207 0.605912 0.0209391 0.0722134
6 0.355013 0.463544 0.0484892 0.090922
7 0.324285 0.676182 0.0259238 0.0557809
4 0.983741 0.399708 0.0108555 0.0386215
