3 0.702325 0.616683 0.061165 0.111085
3 0.130422 0.934838 0.183506 0.128623
3 0.0864339 0.517537 0.0553821 0.0834106
3 0.317196 0.388197 0.0499149 0.091777
3 0.353473 0.288164 0.0395162 0.0764343
4 0.772777 0.657084 0.0330625 0.0361911
3 0.224408 0.30478 0.0586556 0.100304
3 0.253822 0.286291 0.0390053 0.073095
3 0.0847867 0.258952 0.023478 0.0374911
3 0.129754 0.260514 0.0243033 0.0381883
3 0.204792 0.376966 0.0462307 0.0919378
3 0.0937289 0.300562 0.0269737 0.0427934
4 0.0393989 0.362268 0.0217836 0.0173836
4 0.772434 0.573505 0.0153833 0.0449384
7 0.256176 0.443679 0.0291877 0.0333536
5 0.189267 0.205778 0.0116058 0.0622281
7 0.211894 0.426943 0.0355904 0.0429403
4 0.703267 0.502093 0.0235518 0.0272539
5 0.291222 0.211044 0.0112782 0.0653035
6 0.352338 0.334898 0.0268257 0.0410046
5 0.357077 0.215469 0.00805922 0.0510815
6 0.248099 0.356769 0.0274004 0.0544006
5 0.261032 0.214631 0.00889196 0.0541703
5 0.331841 0.21254 0.0118268 0.0562916
6 0.206016 0.353632 0.0402325 0.0497213
7 0.217426 0.431372 0.0343356 0.0432032
3 0.149694 0.255888 0.017771 0.0382857
4 0.772113 0.573891 0.0234102 0.0411301
