3 0.407003 0.362383 0.149448 0.256927
4 0.260312 0.499895 0.127927 0.137462
6 0.46263 0.481555 0.0447439 0.0975855
7 0.463682 0.720957 0.0440772 0.0891103
6 0.671365 0.46318 0.0694468 0.101374
3 0.321621 0.549833 0.0718228 0.201454
7 0.670795 0.604008 0.0577583 0.0818312
3 0.698481 0.335088 0.122808 0.201285
7 0.588148 0.716064 0.059486 0.0895186
3 0.983417 0.3462 0.0320774 0.0559117
3 0.563481 0.502742 0.0943127 0.175997
7 0.66795 0.687771 0.0632871 0.0846639
5 0.445012 0.0929252 0.0204214 0.149561
5 0.332357 0.0983728 0.0215894 0.14332
6 0.600707 0.488122 0.0940369 0.14901
3 0.87395 0.310307 0.0203466 0.0505669
3 0.87535 0.242645 0.0203682 0.0711485
7 0.429839 0.573155 0.039477 0.0992564
5 0.258966 0.106999 0.0228659 0.121984
7 0.360495 0.704154 0.0515436 0.0833099
5 0.713192 0.111371 0.0199552 0.137832
5 0.744763 0.117171 0.0142191 0.110243
5 0.536809 0.133014 0.0152922 0.0975913
5 0.624833 0.109119 0.0269994 0.157066
6 0.604104 0.400382 0.0253351 0.0854631
7 0.318085 0.676296 0.0379775 0.054578
7 0.365568 0.60832 0.0211978 0.0697353
3 0.744273 0.243462 0.0376425 0.0587359
5 0.413388 0.128548 0.0155262 0.0965114
6 0.356513 0.469772 0.0449466 0.0820791
6 0.527546 0.389651 0.0239302 0.0809891
5 0.620725 0.114538 0.0178071 0.144866
6 0.313231 0.443925 0.0509013 0.0979387
4 0.982912 0.397367 0.0109501 0.0431831
7 0.602728 0.579423 0.02201 0.0891261
4 0.599654 0.489827 0.090321 0.150856
