3 0.919254 0.842306 0.100806 0.158025
3 0.423471 0.422535 0.0452961 0.0868034
0 0.499376 0.828544 0.146696 0.19326
3 0.540096 0.418582 0.0408203 0.0820073
3 0.490591 0.504157 0.0453466 0.075163
3 0.4212 0.489633 0.0376257 0.0612167
3 0.266766 0.498551 0.0241449 0.042637
3 0.468662 0.410936 0.0299879 0.0676173
3 0.523637 0.480825 0.04114 0.068381
4 0.428247 0.800263 0.030238 0.0766392
5 0.406612 0.345826 0.00785236 0.0509354
4 0.36594 0.441376 0.0164487 0.0132676
5 0.538594 0.343942 0.00952854 0.0525252
5 0.508919 0.345958 0.00954971 0.0542306
4 0.61949 0.512554 0.0216455 0.0248556
5 0.541743 0.345882 0.00904675 0.0457602
5 0.422016 0.343957 0.00911064 0.0492724
5 0.472414 0.344368 0.00962715 0.0553821
5 0.519321 0.346683 0.0076273 0.046975
7 0.428153 0.538824 0.0281522 0.0351141
