3 0.406964 0.362026 0.149469 0.257918
3 0.638018 0.606036 0.144356 0.233679
7 0.462551 0.7204 0.0459866 0.090601
4 0.868776 0.8481 0.0697195 0.195674
4 0.248267 0.493355 0.133277 0.130128
3 0.319354 0.550925 0.0763401 0.207994
3 0.697476 0.336256 0.114832 0.200773
6 0.463018 0.481634 0.0461929 0.0982637
3 0.864779 0.242107 0.0430431 0.0745214
3 0.983972 0.345607 0.0311909 0.0558495
3 0.570296 0.50075 0.106239 0.172013
6 0.594122 0.478447 0.0560588 0.0958539
7 0.589938 0.715883 0.05736 0.087091
5 0.332248 0.0962535 0.022325 0.138141
3 0.870765 0.313284 0.0257774 0.0490566
5 0.444956 0.0933426 0.0206444 0.150159
7 0.429259 0.573007 0.0379501 0.0993657
7 0.361781 0.705443 0.0506566 0.0803716
5 0.744794 0.117383 0.0148619 0.111515
5 0.712635 0.110099 0.018136 0.136016
5 0.258107 0.106469 0.0244192 0.121936
5 0.624898 0.109062 0.0261669 0.159593
5 0.536968 0.132876 0.0153201 0.0971905
7 0.316542 0.674266 0.037515 0.0551908
6 0.605387 0.398843 0.0248552 0.0822048
6 0.527366 0.389792 0.0234746 0.0811836
3 0.745355 0.242492 0.0385269 0.057127
5 0.413277 0.129247 0.0161496 0.0970025
6 0.355892 0.464539 0.049505 0.0883292
6 0.689117 0.442702 0.0513162 0.0616311
7 0.365497 0.608064 0.0206285 0.0727485
6 0.313211 0.443829 0.0524817 0.103897
4 0.982532 0.397759 0.0108459 0.0394087
