3 0.248447 0.46076 0.0351081 0.0591853
0 0.500585 0.845862 0.161397 0.18535
3 0.974077 0.435928 0.0518469 0.0954751
3 0.20987 0.415674 0.0331299 0.0321558
3 0.300765 0.411081 0.039086 0.041424
3 0.317265 0.444647 0.0264273 0.0439346
3 0.980709 0.507817 0.0354134 0.0676239
3 0.0539948 0.55932 0.0165104 0.0494282
4 0.609127 0.516257 0.0145367 0.0143132
4 0.589998 0.515229 0.0175295 0.0143795
5 0.987786 0.341534 0.0117706 0.0453096
6 0.98137 0.501227 0.0362038 0.0762607
6 0.984607 0.48367 0.0303459 0.0495379
