3 0.232229 0.499221 0.103249 0.179837
3 0.352977 0.59281 0.0700554 0.140597
3 0.0835596 0.663702 0.120014 0.184134
3 0.732189 0.530687 0.0263999 0.0493093
3 0.0979542 0.461537 0.08611 0.158953
3 0.832591 0.656063 0.0530651 0.0865016
3 0.322656 0.440708 0.0613105 0.114263
3 0.624653 0.424297 0.0192591 0.0334921
3 0.633566 0.387383 0.0143808 0.0331599
3 0.569807 0.423338 0.0175129 0.0375465
5 0.0543808 0.320705 0.0312461 0.10923
5 0.0202213 0.322927 0.0256602 0.0996992
3 0.589099 0.388095 0.0200268 0.0329656
3 0.188645 0.575642 0.0399395 0.069919
5 0.18178 0.321449 0.0275662 0.102606
5 0.349279 0.335268 0.0149537 0.0739818
5 0.365629 0.335579 0.0112773 0.0687615
4 0.816641 0.545809 0.0143242 0.0256266
3 0.607326 0.419405 0.0152115 0.0365618
5 0.0228313 0.330873 0.0301589 0.12322
5 0.244367 0.338011 0.0101886 0.0600972
6 0.334229 0.552018 0.0402556 0.0650584
5 0.269957 0.317718 0.0161207 0.0809389
5 0.102643 0.334143 0.0163462 0.0733396
0 0.496529 0.753286 0.154732 0.478066
6 0.085255 0.543393 0.0406231 0.0559383
