3 0.310851 0.465231 0.0184151 0.0332216
3 0.623493 0.571985 0.034466 0.0648249
0 0.497943 0.833807 0.145976 0.181729
3 0.354292 0.558043 0.0328164 0.0578039
3 0.264584 0.499198 0.0230709 0.043584
3 0.406976 0.432382 0.0230103 0.0456191
3 0.388717 0.39346 0.0218982 0.0373252
3 0.977452 0.452389 0.0450966 0.120701
3 0.442897 0.394725 0.0254727 0.041754
3 0.476619 0.495595 0.0212902 0.041241
4 0.49766 0.801526 0.0221159 0.0892772
4 0.827448 0.557607 0.0274647 0.01816
4 0.351191 0.471877 0.0183276 0.0220369
