3 0.605196 0.661573 0.0630362 0.118758
3 0.414006 0.671476 0.0674995 0.12619
3 0.510934 0.599342 0.0707069 0.129007
6 0.594681 0.62273 0.0396036 0.0468606
3 0.423572 0.500296 0.0599245 0.0995543
3 0.587453 0.50249 0.0534485 0.0936999
6 0.42914 0.624016 0.0389957 0.0450694
6 0.4029 0.595106 0.0360071 0.0423958
5 0.591946 0.386517 0.00874195 0.0594337
5 0.541867 0.485474 0.0135647 0.0977503
5 0.380517 0.440374 0.0134846 0.0830037
5 0.638237 0.438841 0.0135294 0.0773341
5 0.485332 0.390771 0.0118442 0.0852056
5 0.622733 0.406296 0.0112337 0.0682215
5 0.392326 0.416646 0.0122541 0.0836014
6 0.60805 0.554646 0.0248577 0.0465719
5 0.529109 0.399731 0.0106657 0.0907823
6 0.409302 0.558381 0.0273967 0.0469411
7 0.429488 0.733584 0.0330221 0.0483365
5 0.393896 0.423628 0.0181803 0.0971332
5 0.589755 0.389509 0.0092905 0.0660597
6 0.405405 0.589799 0.0351933 0.0418147
5 0.393387 0.436334 0.0253306 0.107476
5 0.397679 0.428793 0.032229 0.11133
