3 0.263408 0.538388 0.0584672 0.102141
3 0.15372 0.445622 0.07077 0.10757
3 0.0974436 0.544396 0.0294592 0.0526052
3 0.856296 0.40604 0.0383469 0.0539458
3 0.20517 0.42466 0.0414686 0.0813099
3 0.313093 0.425071 0.0457786 0.0875327
3 0.91763 0.463923 0.0414528 0.0704966
3 0.825651 0.446236 0.0253418 0.0522881
3 0.138201 0.528323 0.0576551 0.0863194
3 0.957238 0.407793 0.0380795 0.0494632
6 0.178985 0.500339 0.0331417 0.0475268
5 0.280785 0.343163 0.00983381 0.0592927
5 0.234951 0.342197 0.00995831 0.070117
5 0.31905 0.345823 0.0104855 0.0553368
7 0.186947 0.600032 0.0329902 0.0424153
5 0.156124 0.338939 0.0111958 0.0631139
5 0.105505 0.340835 0.0110152 0.0563585
7 0.150774 0.593012 0.0361604 0.0438591
7 0.14489 0.58966 0.0459015 0.0507569
5 0.216702 0.344059 0.00835209 0.0453312
3 0.282867 0.484032 0.0393313 0.0561012
5 0.116255 0.340042 0.010244 0.059354
5 0.270674 0.345192 0.0080512 0.0474333
7 0.241425 0.592613 0.0174702 0.0450169
5 0.215079 0.346401 0.00897231 0.0552471
5 0.126327 0.344495 0.0127542 0.0574473
5 0.107876 0.341972 0.015519 0.0614816
6 0.311584 0.470015 0.0233049 0.0335676
5 0.113741 0.341297 0.0112755 0.0617255
7 0.139735 0.580624 0.0395549 0.0459977
5 0.17819 0.344162 0.00888578 0.0475535
5 0.297047 0.344971 0.00805677 0.043727
6 0.137481 0.495913 0.03854 0.0379654
