3 0.653368 0.610358 0.0520836 0.087449
3 0.381347 0.569011 0.0326767 0.0576782
3 0.235969 0.441666 0.0662886 0.11514
3 0.120168 0.564169 0.0802163 0.116519
3 0.283655 0.513947 0.0448035 0.0854838
3 0.456392 0.500867 0.0286034 0.0462642
3 0.0570493 0.442539 0.0697345 0.11118
4 0.650084 0.683583 0.0164399 0.0619446
4 0.456486 0.546075 0.00971889 0.0412445
4 0.519024 0.578591 0.0241722 0.0206892
0 0.49671 0.757288 0.169606 0.371691
3 0.138134 0.502489 0.0445267 0.066016
7 0.218222 0.605172 0.0227641 0.0428161
6 0.0619898 0.498049 0.044124 0.0410778
7 0.152932 0.615799 0.0326807 0.0422619
5 0.0307974 0.337477 0.0126145 0.0543044
5 0.045142 0.339763 0.0121428 0.0569657
5 0.212976 0.341365 0.0119177 0.0580052
6 0.279471 0.469606 0.0262873 0.0378762
5 0.26134 0.344897 0.00906963 0.0553372
5 0.286687 0.345073 0.0107506 0.0529219
6 0.276871 0.480303 0.0330972 0.041634
