3 0.633987 0.897149 0.0866184 0.17504
3 0.358922 0.515042 0.0481843 0.0918632
3 0.473463 0.492744 0.0387075 0.0814108
3 0.308824 0.519176 0.0277022 0.0494815
3 0.34108 0.418895 0.0479187 0.0793838
3 0.433163 0.427934 0.0476643 0.0926449
3 0.772262 0.560946 0.0348295 0.0583951
3 0.63302 0.414189 0.01798 0.034965
3 0.58604 0.41279 0.0151815 0.0304804
3 0.0190996 0.386928 0.0381993 0.0745524
3 0.638534 0.38227 0.0147924 0.0285896
3 0.602357 0.382897 0.0192385 0.0299414
5 0.478929 0.342536 0.00845461 0.0473105
5 0.36101 0.341908 0.00940599 0.0530801
5 0.33374 0.342389 0.00960169 0.0473949
5 0.395598 0.349864 0.00801789 0.0422429
7 0.418092 0.558178 0.0177922 0.0382009
5 0.41681 0.341164 0.0093359 0.0511122
7 0.375081 0.559391 0.0238914 0.0378684
4 0.783925 0.513106 0.0127623 0.0225581
5 0.456723 0.345367 0.00888586 0.049596
5 0.413591 0.339898 0.0094121 0.0614307
