3 0.315358 0.549613 0.0591098 0.111285
3 0.23008 0.439444 0.0652993 0.107617
3 0.0447217 0.573478 0.0588845 0.0840371
3 0.391899 0.431103 0.0507684 0.0922429
3 0.194508 0.514629 0.0345614 0.0560553
3 0.323214 0.422632 0.0414369 0.0817788
3 0.386436 0.501774 0.0421145 0.0708131
3 0.25309 0.511719 0.053514 0.0804569
4 0.0483238 0.638393 0.0243876 0.057665
4 0.0436324 0.639345 0.0327856 0.0588392
1 0.499851 0.832654 0.144042 0.191642
4 0.198642 0.563439 0.0167932 0.0447204
4 0.491506 0.783309 0.0241756 0.0745623
7 0.382949 0.579992 0.0327651 0.0494379
5 0.406892 0.342974 0.00863323 0.0492648
5 0.389283 0.342347 0.00812174 0.0555263
5 0.390747 0.342248 0.00940294 0.0528966
5 0.382059 0.344354 0.00745764 0.0458593
5 0.281109 0.335623 0.0094676 0.0578122
5 0.221648 0.337754 0.0112321 0.0600337
7 0.240303 0.560449 0.0238985 0.0361351
