3 0.363896 0.579145 0.0323078 0.0613816
3 0.292778 0.497903 0.0436935 0.0802631
3 0.212198 0.42568 0.052215 0.0870761
3 0.330292 0.411755 0.0364666 0.0685988
3 0.165304 0.60933 0.0339357 0.0707385
3 0.158439 0.516017 0.0291101 0.0459877
3 0.105793 0.422629 0.0233068 0.0351153
3 0.139529 0.386908 0.0216606 0.0377456
3 0.0982526 0.387061 0.0221325 0.0324129
3 0.193244 0.490823 0.0416566 0.0761248
4 0.605007 0.961241 0.0548326 0.0722964
4 0.639578 0.583034 0.0255964 0.0217211
3 0.244212 0.409272 0.0322605 0.0674949
5 0.185261 0.342762 0.00851847 0.0620125
5 0.214006 0.345448 0.00820117 0.0610752
7 0.19934 0.535084 0.0314429 0.0363848
5 0.217174 0.347809 0.0100714 0.0550557
3 0.128216 0.41716 0.0161665 0.0377332
6 0.232056 0.46948 0.0224298 0.0430685
7 0.330521 0.516338 0.0224124 0.0333132
5 0.334253 0.348296 0.00810541 0.0446989
6 0.1943 0.474083 0.0363738 0.0453117
5 0.316978 0.348203 0.00652103 0.0407968
5 0.272067 0.344091 0.00891428 0.0497461
5 0.244162 0.326467 0.00718393 0.0612719
6 0.328791 0.453012 0.0220621 0.035315
3 0.171586 0.421905 0.0215225 0.0464673
