3 0.88209 0.332454 0.125193 0.210078
3 0.889455 0.501425 0.106023 0.154419
7 0.862823 0.605378 0.0624647 0.0928769
7 0.909636 0.630771 0.0660339 0.0999448
6 0.913047 0.431252 0.0670542 0.102345
4 0.820413 0.693905 0.0615055 0.0858334
7 0.928057 0.585531 0.0253773 0.0474716
5 0.881067 0.113831 0.02113 0.133246
5 0.836752 0.130086 0.0212101 0.131576
5 0.898551 0.140017 0.0160944 0.0888116
6 0.923736 0.439072 0.0511925 0.0866145
5 0.849851 0.141315 0.0217789 0.112168
5 0.844305 0.139277 0.0208912 0.121186
7 0.994605 0.554606 0.0104439 0.10083
