3 0.744172 0.627457 0.169575 0.312185
3 0.45781 0.501646 0.0747098 0.180589
3 0.159511 0.676478 0.231333 0.377281
6 0.705288 0.845624 0.135268 0.160067
5 0.0989021 0.257063 0.0677096 0.276044
5 0.668842 0.320092 0.0181549 0.123133
5 0.781804 0.273183 0.0617687 0.222628
5 0.305505 0.323025 0.0169117 0.11807
5 0.223668 0.314615 0.0200896 0.140955
3 0.315172 0.748566 0.0884228 0.238694
5 0.598405 0.323193 0.0157463 0.108857
5 0.350648 0.229515 0.0452581 0.39765
5 0.490897 0.329059 0.0154705 0.0998053
3 0.613483 0.713431 0.0763852 0.202374
5 0.792204 0.270396 0.0395021 0.225108
5 0.419604 0.320344 0.01321 0.0848786
5 0.631353 0.216455 0.0492399 0.352272
7 0.354719 0.834366 0.0311734 0.069584
3 0.448513 0.70446 0.0456116 0.103395
