3 0.407127 0.361991 0.149137 0.258181
3 0.637268 0.609712 0.142562 0.227581
4 0.894468 0.865912 0.0658932 0.200516
4 0.250354 0.500714 0.133157 0.139064
7 0.462351 0.719902 0.0449421 0.0901754
3 0.868446 0.244386 0.0357739 0.077979
3 0.698734 0.336148 0.118004 0.202258
6 0.463111 0.481699 0.0462861 0.098342
3 0.320422 0.551581 0.0737164 0.196605
3 0.983971 0.345517 0.0312023 0.0558826
6 0.594177 0.477863 0.0562708 0.0959237
7 0.590094 0.715483 0.0581615 0.086356
3 0.569903 0.500577 0.105252 0.171785
5 0.332254 0.0963644 0.0223567 0.1387
7 0.429237 0.573042 0.0378805 0.0991911
5 0.444949 0.0934368 0.020709 0.150306
3 0.873342 0.312441 0.0230263 0.0516647
7 0.361981 0.704423 0.0505805 0.0796179
5 0.712601 0.110279 0.0181698 0.13619
5 0.74473 0.117841 0.0147654 0.112136
5 0.624888 0.109056 0.0263273 0.159961
5 0.258193 0.106687 0.0244257 0.122515
6 0.684875 0.443509 0.0536999 0.0623422
6 0.605414 0.397925 0.0249575 0.0811942
5 0.536988 0.132905 0.0153926 0.0971228
7 0.316924 0.674383 0.0383607 0.0579312
6 0.527428 0.389854 0.0234194 0.0814363
5 0.413304 0.129397 0.0161978 0.0973925
7 0.365556 0.608292 0.0206372 0.0736749
3 0.746047 0.239818 0.039917 0.0578648
6 0.356544 0.466792 0.0488167 0.0893136
6 0.314518 0.448705 0.0480457 0.0950548
4 0.982594 0.398033 0.0107262 0.0391066
