3 0.0651763 0.548565 0.130207 0.239012
3 0.263872 0.654031 0.095899 0.168541
3 0.269558 0.466543 0.0762225 0.133778
3 0.177009 0.58098 0.0733285 0.128328
5 0.290486 0.331233 0.0173138 0.0957624
4 0.50554 0.784019 0.0244606 0.0808994
5 0.240905 0.32391 0.0158866 0.104226
5 0.267508 0.338755 0.0122013 0.0780666
3 0.0206733 0.434386 0.0412281 0.0620618
5 0.085406 0.328058 0.0221366 0.156757
6 0.121336 0.633234 0.0421513 0.0741852
6 0.231825 0.597615 0.0514192 0.0766533
5 0.134822 0.335805 0.0130145 0.0715803
5 0.0201439 0.330348 0.0188593 0.0842626
0 0.500441 0.728148 0.144595 0.391417
5 0.19721 0.336012 0.0121957 0.0684702
6 0.283835 0.548606 0.0353219 0.0507286
7 0.23948 0.761311 0.0504635 0.0758693
1 0.498703 0.732167 0.142753 0.394589
5 0.0951103 0.336967 0.044338 0.179065
6 0.0679978 0.689216 0.0460087 0.0777037
