3 0.612857 0.348326 0.113027 0.195346
3 0.784821 0.55824 0.125235 0.215692
3 0.943944 0.355713 0.112112 0.20659
3 0.754499 0.33811 0.0935106 0.161859
3 0.902714 0.505302 0.103709 0.162784
3 0.621139 0.509021 0.0924053 0.149072
0 0.268039 0.894077 0.327781 0.211847
6 0.63905 0.44192 0.0611277 0.0892286
7 0.640827 0.634266 0.0612888 0.0901715
4 0.561601 0.697368 0.0582924 0.0822839
6 0.927872 0.436867 0.0685608 0.0967987
7 0.599161 0.609538 0.0562351 0.0898242
7 0.9328 0.579284 0.0385206 0.0726262
7 0.832389 0.659935 0.0271393 0.0889228
5 0.607554 0.145628 0.019709 0.127085
7 0.917255 0.640084 0.074712 0.0869877
6 0.864722 0.420363 0.032008 0.0658735
5 0.793901 0.1782 0.0155303 0.0973582
5 0.572081 0.165023 0.0253818 0.128693
5 0.737111 0.134469 0.0199427 0.157625
5 0.846581 0.127195 0.0216671 0.155372
5 0.567625 0.156928 0.0196946 0.118502
7 0.659312 0.588424 0.0215665 0.0500141
7 0.731772 0.645925 0.015118 0.075451
5 0.715852 0.18242 0.016561 0.098955
5 0.968083 0.121026 0.018362 0.118713
6 0.835089 0.436545 0.027212 0.0796746
4 0.689749 0.55932 0.0212565 0.0320165
5 0.994031 0.129766 0.0112362 0.107953
7 0.860355 0.584722 0.0271461 0.0498316
5 0.624173 0.176449 0.0186104 0.0925908
6 0.733903 0.441522 0.0179966 0.0866876
7 0.96806 0.597994 0.0329748 0.0463449
5 0.577254 0.169452 0.0171308 0.0970919
5 0.576338 0.16951 0.0212221 0.112871
7 0.602648 0.624944 0.0494772 0.0897004
