3 0.336337 0.652284 0.0445312 0.0846977
4 0.0533936 0.804197 0.0637673 0.0731329
3 0.766166 0.586448 0.0737649 0.129257
3 0.589817 0.539373 0.047253 0.0991239
3 0.921765 0.601386 0.0476151 0.0678609
3 0.651802 0.461659 0.0698641 0.124758
0 0.500073 0.834271 0.146264 0.185943
3 0.710548 0.520697 0.0436253 0.0901314
3 0.788667 0.44603 0.0676214 0.110901
6 0.676752 0.529434 0.0206636 0.0600711
5 0.677051 0.3389 0.0131299 0.084639
5 0.612644 0.343637 0.00960801 0.0599922
5 0.812063 0.339272 0.0128407 0.0791808
5 0.796222 0.341918 0.0120462 0.068768
5 0.768426 0.332872 0.0128006 0.0770372
5 0.796102 0.340798 0.00921033 0.062586
6 0.596689 0.493443 0.0317921 0.058075
5 0.643039 0.344219 0.00797386 0.0545264
5 0.584783 0.340226 0.0101059 0.0711913
7 0.735165 0.653161 0.0365126 0.0416598
4 0.533056 0.548705 0.018652 0.0259884
5 0.739554 0.344279 0.00944748 0.0609637
6 0.741508 0.533228 0.0290995 0.0532243
5 0.81609 0.340723 0.0154869 0.0777773
5 0.819269 0.338774 0.0103378 0.0753879
6 0.794207 0.508331 0.0373338 0.049797
7 0.59652 0.602803 0.0314587 0.0536332
