3 0.407277 0.363252 0.148864 0.256216
4 0.259531 0.497481 0.121491 0.139783
6 0.671597 0.46262 0.0688086 0.102559
6 0.462748 0.48163 0.0453257 0.0980608
7 0.462311 0.7195 0.0420185 0.088768
3 0.697054 0.336242 0.119066 0.201822
3 0.321256 0.550148 0.0721157 0.200188
7 0.588054 0.715638 0.0600804 0.0896441
7 0.672526 0.604277 0.0617926 0.0845644
3 0.984237 0.345979 0.0305578 0.0545922
7 0.66873 0.687684 0.0643085 0.0824632
3 0.563621 0.503625 0.0940338 0.17582
5 0.332198 0.0976457 0.0215736 0.138897
5 0.444848 0.0936722 0.0206739 0.150527
6 0.600261 0.48814 0.0931116 0.149633
7 0.429627 0.57368 0.0392755 0.098666
7 0.360523 0.703939 0.0516138 0.0845974
5 0.2586 0.106336 0.0231191 0.121213
5 0.712623 0.109984 0.0180891 0.137354
5 0.74474 0.117118 0.0141826 0.109313
5 0.624485 0.110162 0.0272978 0.160621
6 0.603738 0.402727 0.0260149 0.0866694
5 0.536756 0.132741 0.0151599 0.0975803
3 0.877584 0.244452 0.0163586 0.0682899
6 0.527017 0.390732 0.025531 0.0830136
3 0.878956 0.309834 0.0150452 0.0503235
7 0.365507 0.608278 0.0202371 0.0681992
7 0.318277 0.676558 0.038954 0.0570177
3 0.744716 0.243827 0.0380178 0.0574632
5 0.413558 0.129626 0.0149618 0.0991215
6 0.356895 0.468937 0.0446093 0.0835454
6 0.312383 0.443885 0.0523171 0.106167
3 0.783569 0.302908 0.0172519 0.0400575
