3 0.977608 0.712444 0.044013 0.105715
3 0.478318 0.493727 0.0396706 0.0756727
3 0.40073 0.613257 0.0381649 0.0725565
3 0.536095 0.426492 0.0441177 0.0876798
3 0.492466 0.41347 0.0365919 0.0660747
3 0.598098 0.504548 0.0428627 0.0810107
3 0.596209 0.413828 0.0402033 0.0720116
3 0.972949 0.397055 0.0341862 0.0503099
3 0.934335 0.437939 0.028009 0.0454968
4 0.498193 0.797971 0.0234365 0.0750025
0 0.500129 0.831495 0.146999 0.189671
3 0.965761 0.455438 0.0181864 0.033564
4 0.217327 0.624364 0.0327719 0.0260966
5 0.516096 0.345228 0.00798225 0.0516427
6 0.582996 0.467143 0.0191586 0.0334909
5 0.466562 0.343655 0.00965004 0.0431911
7 0.58569 0.549135 0.0239209 0.0386628
5 0.614068 0.344579 0.00836779 0.0494122
5 0.615556 0.343624 0.00932159 0.0428183
5 0.555949 0.345876 0.0105103 0.0486169
5 0.476434 0.345035 0.0116932 0.0425384
5 0.496838 0.347543 0.0074934 0.0398354
5 0.533941 0.351895 0.0067661 0.0418856
