3 0.232492 0.72612 0.122384 0.217659
3 0.696457 0.637675 0.0445581 0.0822522
3 0.345078 0.480269 0.0780488 0.153976
3 0.301021 0.581997 0.072234 0.124075
3 0.172634 0.465872 0.0731922 0.132907
5 0.269543 0.330145 0.0222376 0.139114
5 0.354351 0.334135 0.0216154 0.0968541
6 0.334353 0.569609 0.0505904 0.080148
3 0.0400359 0.530342 0.0795837 0.243812
5 0.159962 0.306649 0.0232927 0.123981
4 0.502253 0.790977 0.0259605 0.0732568
5 0.133397 0.329754 0.0127097 0.0677303
5 0.283517 0.343079 0.0137991 0.0812527
5 0.0238998 0.326659 0.0209584 0.0919116
7 0.347926 0.679787 0.0449286 0.0749619
5 0.325192 0.338136 0.0134237 0.0762936
5 0.200167 0.334754 0.0142344 0.0684282
7 0.339882 0.723228 0.0536789 0.0738256
3 0.0493373 0.665587 0.0986747 0.154728
