3 0.727351 0.566342 0.0653458 0.114358
3 0.626491 0.445182 0.0594165 0.111159
3 0.589926 0.518032 0.0456543 0.0901724
3 0.772782 0.441064 0.0611433 0.103389
4 0.497138 0.795824 0.0228053 0.0665688
4 0.433929 0.566511 0.0246613 0.0233268
4 0.539491 0.582322 0.0197721 0.0238283
5 0.767646 0.336811 0.0118269 0.068322
4 0.361273 0.56278 0.0209781 0.0211363
7 0.601578 0.590476 0.0321423 0.0591617
5 0.794936 0.338898 0.0107269 0.061621
5 0.721889 0.33749 0.0110785 0.0716957
3 0.71113 0.500403 0.0384945 0.0624157
5 0.640736 0.339343 0.0110043 0.0710475
5 0.58133 0.342607 0.0126764 0.0573717
7 0.700533 0.61986 0.0233231 0.0392226
7 0.644324 0.609098 0.0233501 0.0462843
5 0.786828 0.339492 0.0117374 0.0665248
5 0.620294 0.346968 0.00758343 0.0498293
5 0.602152 0.340447 0.0112904 0.0648914
5 0.738512 0.342941 0.00943813 0.0591084
6 0.774996 0.489987 0.0299704 0.0302411
5 0.585231 0.341026 0.0116323 0.0576976
6 0.646192 0.513427 0.0209757 0.0632613
5 0.741321 0.341814 0.00836856 0.0507397
7 0.597873 0.584897 0.0328466 0.0593713
7 0.767153 0.598184 0.0273706 0.0382905
7 0.769094 0.593537 0.0246118 0.0321597
5 0.704614 0.342854 0.00846977 0.0485667
4 0.5387 0.576621 0.0211603 0.0343029
5 0.785023 0.341218 0.0106367 0.0593385
