3 0.363166 0.55287 0.0402657 0.0661839
3 0.774383 0.439526 0.0619926 0.0990327
3 0.822031 0.518653 0.052855 0.0890649
3 0.98336 0.616096 0.0330561 0.0747269
3 0.674562 0.520152 0.052903 0.0888676
3 0.650663 0.421738 0.0456078 0.0709135
3 0.95495 0.490132 0.0187344 0.0346569
3 0.983024 0.432618 0.0278564 0.0395329
0 0.500772 0.760295 0.159352 0.359458
4 0.398036 0.712414 0.034571 0.0476461
3 0.697875 0.48153 0.0386854 0.0607301
4 0.212643 0.64399 0.0343691 0.0312329
7 0.690973 0.568299 0.0228529 0.0426122
4 0.597401 0.51957 0.0153811 0.0195791
7 0.742166 0.580174 0.0196215 0.0310311
6 0.817449 0.479797 0.0354607 0.0478395
6 0.746337 0.48697 0.0197601 0.0461985
3 0.99324 0.392106 0.0121536 0.0386116
5 0.713037 0.344563 0.00981979 0.05004
5 0.762227 0.348858 0.0115362 0.0604646
7 0.753179 0.527972 0.0186143 0.0374242
5 0.688134 0.347763 0.00971959 0.0525386
5 0.657046 0.347451 0.00750866 0.0470993
7 0.643249 0.534362 0.0231052 0.0349691
5 0.806666 0.343046 0.011816 0.0555327
5 0.764459 0.345519 0.0131947 0.052845
5 0.68259 0.350356 0.0083278 0.0455746
5 0.641029 0.348283 0.00876827 0.0429678
5 0.690239 0.347794 0.00970154 0.0508007
7 0.791465 0.576693 0.0291786 0.0405677
6 0.65448 0.465839 0.0200035 0.0290319
6 0.644434 0.461883 0.0199898 0.0288103
4 0.38257 0.584624 0.0185127 0.0210678
