6 0.383758 0.840753 0.118689 0.150732
3 0.485424 0.553236 0.129349 0.247898
3 0.928438 0.613603 0.143123 0.317821
5 0.312447 0.271528 0.0340509 0.218514
5 0.929656 0.304784 0.0390198 0.172858
3 0.173571 0.403217 0.0324135 0.0545075
3 0.123713 0.456839 0.0349514 0.0577107
5 0.50775 0.317615 0.0182587 0.127215
5 0.426754 0.309642 0.021571 0.151596
3 0.366661 0.941546 0.182614 0.115813
6 0.539123 0.684229 0.0308055 0.0790445
5 0.257672 0.223492 0.0624216 0.347442
3 0.118321 0.400272 0.0336932 0.0470208
5 0.263301 0.242366 0.0473158 0.305176
3 0.679051 0.742729 0.09503 0.212251
5 0.735342 0.312919 0.0213484 0.124006
5 0.636231 0.314164 0.0190636 0.115801
3 0.16534 0.443314 0.0216048 0.0439651
3 0.173189 0.431428 0.0301317 0.0379383
3 0.224951 0.441294 0.0163932 0.0412214
6 0.856787 0.746902 0.0454218 0.0910979
3 0.207997 0.397847 0.0231812 0.0466734
