3 0.542444 0.887782 0.103643 0.211668
3 0.196183 0.52735 0.0579928 0.0961365
3 0.0808479 0.450647 0.0766361 0.112751
3 0.207084 0.425651 0.0496812 0.085461
3 0.146286 0.499955 0.0426401 0.081945
3 0.0203997 0.542197 0.0407994 0.115327
3 0.0358356 0.427336 0.049249 0.0776145
7 0.181009 0.581991 0.0299116 0.0434593
3 0.51383 0.536428 0.0319713 0.044921
7 0.120986 0.603286 0.0195785 0.0413361
6 0.0168822 0.504039 0.0337393 0.0523324
5 0.0366261 0.337709 0.0112446 0.0700301
6 0.0576596 0.504899 0.0295588 0.0525144
5 0.0986804 0.339095 0.0125473 0.0627251
5 0.179647 0.342359 0.00903783 0.0595643
7 0.0667231 0.609969 0.0267991 0.0432485
5 0.2201 0.344893 0.00838904 0.052289
5 0.20852 0.342791 0.0113001 0.0515614
4 0.507653 0.774321 0.020717 0.0715774
7 0.0283331 0.610494 0.0310003 0.0337865
5 0.0521723 0.344955 0.0112643 0.0566073
5 0.120716 0.345857 0.00935674 0.0559925
5 0.0371853 0.34027 0.0165059 0.0714915
7 0.0817864 0.558667 0.0177911 0.0274522
6 0.115669 0.503316 0.0231925 0.0494452
5 0.161019 0.349088 0.00885425 0.05414
7 0.0120166 0.601324 0.0240333 0.0366658
6 0.173641 0.494799 0.0205501 0.0440802
