3 0.12794 0.597777 0.0427533 0.0623845
3 0.509607 0.410797 0.0329069 0.0652749
3 0.553488 0.46728 0.0310335 0.0581303
3 0.766927 0.416761 0.0172173 0.0359141
3 0.588577 0.465199 0.0162158 0.031529
3 0.465905 0.465827 0.0226488 0.0629637
3 0.989409 0.539201 0.0205494 0.0489384
3 0.83893 0.386158 0.0192829 0.0335142
3 0.545446 0.400899 0.027811 0.0537654
3 0.787894 0.387455 0.0199902 0.0356308
3 0.944104 0.470475 0.0157724 0.035791
0 0.516023 0.83366 0.114125 0.183802
4 0.321739 0.51915 0.0167909 0.0175226
5 0.494787 0.348652 0.00837879 0.0388178
3 0.466019 0.403761 0.023951 0.0579844
4 0.319933 0.520034 0.0228842 0.0195242
5 0.461594 0.345776 0.00943623 0.048079
3 0.82246 0.4178 0.0166113 0.0398979
3 0.466223 0.456402 0.0212345 0.0483332
5 0.558002 0.348226 0.00923004 0.0348215
3 0.809787 0.417723 0.0129726 0.0362551
