3 0.835772 0.561814 0.0714432 0.113992
4 0.100979 0.829545 0.064947 0.0672399
4 0.590352 0.818783 0.0467928 0.0711461
3 0.732422 0.447477 0.0646522 0.108545
3 0.525148 0.588054 0.0342386 0.0580123
3 0.781089 0.508981 0.0401466 0.0857773
3 0.70033 0.414646 0.0391701 0.0645779
4 0.49107 0.780232 0.0279633 0.0770872
3 0.668847 0.521193 0.0481859 0.0976456
3 0.856892 0.437551 0.0677311 0.106625
6 0.674821 0.475881 0.0332005 0.0574364
7 0.806656 0.61641 0.0376034 0.0403453
5 0.665918 0.343554 0.0103653 0.0566528
4 0.451672 0.577139 0.0238501 0.0229082
5 0.757749 0.342913 0.0113631 0.0769301
0 0.499529 0.833072 0.143271 0.18513
5 0.686317 0.344185 0.00927175 0.0527135
5 0.840803 0.335238 0.0136497 0.0667071
5 0.863908 0.340473 0.00990181 0.0609323
5 0.883855 0.342548 0.018302 0.0723612
7 0.672722 0.571106 0.0318817 0.0480174
6 0.813589 0.512119 0.0276457 0.0446206
5 0.711177 0.339417 0.011028 0.0638006
7 0.70285 0.591543 0.015423 0.0392289
5 0.810085 0.343564 0.010297 0.0542446
5 0.770147 0.350147 0.00895367 0.0523084
5 0.708343 0.340922 0.0097929 0.0656401
6 0.862425 0.491587 0.0326111 0.0339507
7 0.750531 0.609447 0.0177895 0.0494619
5 0.865457 0.343097 0.0113007 0.0617502
6 0.754379 0.518508 0.0151844 0.0588497
4 0.451776 0.573947 0.0269066 0.0261422
6 0.756171 0.5254 0.0114292 0.0586185
