3 0.407053 0.362094 0.149348 0.25646
4 0.260844 0.499189 0.120258 0.140338
6 0.462559 0.481476 0.0445698 0.0972127
6 0.671545 0.463453 0.0693156 0.102159
7 0.463318 0.720426 0.0437529 0.088543
3 0.696681 0.335365 0.120763 0.201485
3 0.321527 0.548487 0.0723437 0.201123
7 0.671198 0.603608 0.0592764 0.0815808
3 0.867971 0.243115 0.0367374 0.0745447
7 0.588302 0.716385 0.0583946 0.0900025
3 0.563649 0.502819 0.0944599 0.175573
3 0.983368 0.345762 0.0318573 0.0561073
7 0.668016 0.688799 0.0626724 0.0837026
5 0.444985 0.0928824 0.0203894 0.149493
5 0.332387 0.0982482 0.0214636 0.142815
6 0.601408 0.488217 0.0921434 0.149452
3 0.873421 0.311368 0.0229298 0.0539297
5 0.258982 0.106919 0.022543 0.121917
7 0.429834 0.573104 0.0394342 0.0991381
7 0.360463 0.703778 0.0510641 0.0836735
5 0.744745 0.116861 0.014146 0.110131
5 0.712759 0.110393 0.0185278 0.137984
5 0.536789 0.132984 0.0151844 0.0975104
5 0.625808 0.10595 0.0255811 0.154436
6 0.604455 0.401636 0.0253207 0.0875076
7 0.317275 0.674102 0.0375585 0.052891
3 0.744486 0.243293 0.0380217 0.0592491
7 0.365564 0.608121 0.0210785 0.0697892
6 0.35615 0.469337 0.0452335 0.082724
6 0.527565 0.38957 0.0238764 0.0808389
5 0.413383 0.128574 0.0154343 0.0961057
5 0.620857 0.115214 0.0179898 0.143393
4 0.983053 0.397123 0.0108276 0.043409
6 0.312027 0.442582 0.0534008 0.104651
