3 0.249248 0.506999 0.0898052 0.144602
3 0.272085 0.342934 0.109566 0.182966
4 0.398467 0.427306 0.0454535 0.124788
4 0.284068 0.170225 0.0574399 0.161113
4 0.296169 0.599806 0.0761224 0.121451
7 0.517627 0.581824 0.0524969 0.0794892
3 0.886029 0.238079 0.057531 0.0801617
4 0.378819 0.706194 0.0856276 0.0613508
4 0.198188 0.675459 0.0626968 0.0799615
7 0.253601 0.59592 0.047181 0.0727234
4 0.548572 0.417232 0.0690123 0.0773104
4 0.455441 0.272464 0.0343614 0.0997391
4 0.54498 0.647239 0.0400475 0.126963
4 0.477108 0.598548 0.0530615 0.107036
3 0.839246 0.484098 0.026193 0.0451815
3 0.764868 0.258188 0.0493849 0.0806646
6 0.302952 0.417933 0.0487302 0.0835503
3 0.993002 0.228674 0.013061 0.0808932
3 0.750703 0.482237 0.0297531 0.0479675
5 0.221556 0.158798 0.0159448 0.0916348
3 0.738801 0.436369 0.0264488 0.0470817
6 0.442374 0.442419 0.028434 0.0595313
4 0.323039 0.215176 0.0267301 0.0968059
5 0.40364 0.156001 0.0168302 0.138813
5 0.208685 0.20024 0.0168143 0.0914813
5 0.504584 0.24992 0.00892639 0.0688333
5 0.21062 0.209547 0.0260172 0.115951
5 0.486545 0.168 0.0136617 0.118223
4 0.522007 0.624254 0.0286143 0.0500442
7 0.44297 0.558008 0.0222198 0.0636532
7 0.394268 0.602807 0.0262751 0.0826086
5 0.37208 0.26777 0.0117129 0.088866
5 0.547732 0.203278 0.0141768 0.104119
6 0.466589 0.44325 0.023667 0.0654505
6 0.237766 0.429152 0.057649 0.078841
5 0.504032 0.259671 0.0133751 0.0889452
6 0.470309 0.432223 0.0294502 0.0767932
5 0.529387 0.227049 0.0556685 0.166403
5 0.240748 0.209283 0.0128749 0.0633909
5 0.372637 0.274886 0.0167922 0.10369
5 0.542399 0.220056 0.0259017 0.141154
5 0.501517 0.271172 0.0193454 0.116752
