3 0.407075 0.362272 0.149331 0.256512
4 0.259871 0.499776 0.120827 0.139275
6 0.462561 0.481425 0.0446769 0.0974554
7 0.463221 0.720291 0.0439919 0.0888218
3 0.698426 0.331891 0.119959 0.205148
6 0.671672 0.464422 0.0689681 0.103819
3 0.321736 0.550203 0.0719906 0.200576
7 0.670905 0.603444 0.0588285 0.081282
7 0.588363 0.716313 0.0582432 0.0895116
3 0.563806 0.503307 0.0945517 0.175904
3 0.983353 0.34568 0.0319084 0.0565581
5 0.445025 0.0929964 0.020506 0.149583
5 0.332216 0.098383 0.0216591 0.143052
7 0.668434 0.688392 0.0622032 0.0833326
3 0.875357 0.242958 0.0214422 0.0743454
3 0.873751 0.311353 0.0211264 0.0517
7 0.429877 0.573211 0.0395126 0.0993161
7 0.360536 0.704162 0.051347 0.084465
5 0.258986 0.107042 0.0227196 0.121746
5 0.713196 0.111464 0.0199643 0.137809
6 0.599772 0.487194 0.0935601 0.147232
5 0.744727 0.117292 0.0142426 0.110272
5 0.536848 0.132868 0.0151962 0.0974154
5 0.625891 0.105311 0.0256066 0.153052
6 0.603994 0.401007 0.0258081 0.0866427
7 0.318008 0.676083 0.03852 0.0553606
7 0.365592 0.60835 0.0211514 0.0703688
3 0.744314 0.242804 0.0376934 0.0587413
6 0.355828 0.468844 0.0460977 0.0841763
5 0.413366 0.128704 0.0155939 0.0964675
6 0.52763 0.389426 0.0239044 0.0805261
4 0.600465 0.487796 0.0932129 0.152688
5 0.620291 0.11668 0.0169413 0.13596
4 0.982967 0.397274 0.0107243 0.0432398
6 0.312179 0.443351 0.052641 0.10417
