3 0.314537 0.339326 0.114779 0.191473
3 0.248315 0.507198 0.0973931 0.149838
4 0.348327 0.610793 0.0627551 0.118967
4 0.445124 0.718886 0.0850028 0.074069
3 0.907253 0.250393 0.0546173 0.0771294
4 0.339558 0.147918 0.0471699 0.173741
4 0.216301 0.693203 0.0792965 0.077779
3 0.792531 0.26075 0.0514706 0.0741373
3 0.685921 0.271095 0.044894 0.0694385
7 0.247448 0.595979 0.0570557 0.0838362
6 0.353598 0.419121 0.0439316 0.0967172
4 0.588979 0.646629 0.034543 0.126322
4 0.574847 0.41449 0.0659164 0.0591304
7 0.452606 0.603898 0.0396967 0.0748108
4 0.458197 0.425616 0.0611705 0.126607
6 0.516062 0.435765 0.0468346 0.0895569
7 0.280718 0.603245 0.0464725 0.0843709
6 0.248514 0.426241 0.0488742 0.0746266
5 0.256612 0.138517 0.015285 0.120446
4 0.298575 0.195197 0.0250769 0.0881436
5 0.470491 0.135442 0.0146347 0.116292
5 0.212591 0.172763 0.0145191 0.0961713
5 0.23002 0.198972 0.0175542 0.096989
5 0.540989 0.164061 0.0148844 0.108489
5 0.256828 0.155201 0.0211825 0.152244
3 0.715849 0.483313 0.0229187 0.0414439
3 0.633219 0.434553 0.0191347 0.0375015
5 0.558225 0.219724 0.0119606 0.0776306
4 0.525531 0.600462 0.0630689 0.100784
4 0.440546 0.269116 0.024197 0.10289
6 0.526908 0.427299 0.0290704 0.0836495
6 0.286549 0.446881 0.0358783 0.0689089
6 0.52262 0.429859 0.0392019 0.0890514
5 0.49806 0.247633 0.0131026 0.0751236
6 0.458882 0.426079 0.0601971 0.124767
5 0.712565 0.392141 0.0117089 0.051024
5 0.575922 0.201608 0.0138169 0.0849432
5 0.470741 0.144302 0.0197035 0.137964
6 0.315122 0.456494 0.0194456 0.0532443
5 0.214086 0.175928 0.0208401 0.10294
