3 0.0832264 0.124361 0.0840627 0.144073
3 0.622154 0.226492 0.145778 0.248952
4 0.0963947 0.243638 0.0296942 0.10868
3 0.878321 0.0538506 0.158557 0.105139
6 0.814916 0.111835 0.0710121 0.106466
3 0.624396 0.0654139 0.144833 0.123067
6 0.674401 0.106491 0.0561887 0.0982365
7 0.528073 0.201296 0.0466151 0.0726503
7 0.962994 0.267806 0.0695726 0.0918072
7 0.904687 0.329176 0.0732136 0.0824466
4 0.477119 0.275455 0.0738541 0.176659
7 0.946135 0.212827 0.0597124 0.0834457
7 0.670262 0.357774 0.0552929 0.0802338
7 0.525982 0.054538 0.0765286 0.109076
7 0.530362 0.229639 0.0529112 0.121539
