3 0.400689 0.556904 0.0290459 0.0592551
3 0.743504 0.654053 0.0466633 0.0871051
3 0.0815517 0.470926 0.0990036 0.144699
3 0.228295 0.56982 0.0716869 0.116859
3 0.620434 0.740348 0.0561737 0.111589
3 0.267617 0.435799 0.0570564 0.100933
3 0.036798 0.578372 0.0731221 0.123954
4 0.498451 0.795216 0.0220686 0.0668682
7 0.0713118 0.662661 0.0470943 0.0489591
3 0.214178 0.50931 0.0518481 0.0727772
4 0.628641 0.617583 0.0171444 0.0279474
7 0.13133 0.660506 0.0380947 0.0459023
7 0.207168 0.641834 0.0267447 0.0491064
5 0.279282 0.34385 0.0104212 0.0585879
5 0.0283761 0.335925 0.0197315 0.0923023
6 0.031985 0.527467 0.0599857 0.0632394
5 0.198487 0.338673 0.0131264 0.0793028
5 0.0932586 0.337519 0.0197389 0.094175
4 0.458068 0.560118 0.020832 0.0196131
5 0.00759543 0.339041 0.0143254 0.0766362
5 0.12299 0.345684 0.0145861 0.0723298
5 0.00988621 0.344611 0.0195604 0.0905444
5 0.233544 0.340389 0.00909367 0.0590508
5 0.277267 0.342709 0.0119889 0.057714
6 0.0478965 0.530977 0.0622765 0.0660033
6 0.120441 0.536799 0.0356368 0.0612647
5 0.0922744 0.334187 0.0140794 0.0870349
7 0.0378227 0.642511 0.0476885 0.03595
6 0.198644 0.519856 0.0227225 0.0644695
5 0.25062 0.340742 0.0128029 0.0690477
7 0.276377 0.585502 0.0280439 0.0404538
