3 0.878072 0.332276 0.124785 0.210735
3 0.882487 0.503563 0.104792 0.154938
6 0.90516 0.429523 0.0669939 0.101541
7 0.90546 0.634761 0.0666016 0.102669
7 0.86425 0.61327 0.0532387 0.0817119
5 0.875782 0.113147 0.0200529 0.130727
5 0.833037 0.136378 0.0240738 0.124561
5 0.892828 0.142806 0.0170088 0.0868282
7 0.921084 0.585235 0.0267069 0.0485631
5 0.994605 0.180839 0.0107903 0.163241
7 0.858144 0.606478 0.0625641 0.0985953
5 0.844136 0.143033 0.0157457 0.100307
5 0.84007 0.141137 0.0217058 0.117973
4 0.956814 0.561391 0.0211338 0.0351493
5 0.878159 0.124009 0.0203121 0.139734
