3 0.406587 0.362166 0.149817 0.258433
3 0.636662 0.602959 0.141399 0.240928
4 0.871899 0.857699 0.0777912 0.194427
4 0.271429 0.524314 0.124533 0.137664
7 0.4624 0.720568 0.0429823 0.0892395
3 0.866849 0.243196 0.0393471 0.0750635
6 0.462766 0.481871 0.0456148 0.0969604
3 0.696635 0.333286 0.115395 0.194348
7 0.588966 0.71679 0.0564654 0.0881067
3 0.983496 0.345594 0.0318409 0.0558664
3 0.324227 0.554652 0.0644286 0.191229
6 0.593553 0.47948 0.0575602 0.0952733
3 0.871949 0.312788 0.0242867 0.0532703
3 0.570697 0.498641 0.107493 0.176697
5 0.444846 0.0922498 0.0201326 0.148013
5 0.332353 0.0974473 0.0218108 0.136717
7 0.428888 0.573605 0.0385303 0.100167
7 0.360844 0.704489 0.052779 0.0857073
5 0.258396 0.104941 0.0234562 0.118991
5 0.71232 0.110488 0.0180923 0.136673
5 0.744425 0.116066 0.0145466 0.110641
5 0.624487 0.109445 0.0256683 0.158926
5 0.536913 0.13202 0.0151473 0.0964742
6 0.527042 0.390353 0.0245665 0.0796846
5 0.413253 0.130121 0.0159202 0.0979688
6 0.355533 0.466647 0.0536201 0.0933282
3 0.74461 0.243092 0.038667 0.0578571
7 0.365211 0.610397 0.0212009 0.0714136
