3 0.81457 0.64974 0.217702 0.355103
3 0.226937 0.668072 0.229389 0.396341
3 0.51904 0.828426 0.116046 0.276141
5 0.934426 0.269862 0.0483961 0.236246
5 0.75608 0.294319 0.0274021 0.179854
5 0.271873 0.294708 0.0279061 0.18312
5 0.0990644 0.269313 0.0474251 0.252737
5 0.457572 0.306283 0.0192981 0.143722
4 0.395791 0.654382 0.032367 0.031728
6 0.877705 0.867472 0.0539659 0.169398
6 0.163798 0.903439 0.0770282 0.183818
6 0.703474 0.800542 0.0422684 0.127129
5 0.567847 0.308648 0.0195196 0.148798
6 0.334893 0.820102 0.0452939 0.116576
