3 0.637856 0.578561 0.0654205 0.127558
3 0.759304 0.461162 0.0722088 0.132018
3 0.368632 0.728164 0.0561938 0.10753
3 0.577678 0.442778 0.0519442 0.105078
4 0.87108 0.606734 0.0326012 0.0279468
3 0.767688 0.55297 0.057398 0.0902757
6 0.729259 0.52892 0.0379148 0.0557292
4 0.29997 0.601662 0.02185 0.0303174
4 0.549896 0.530782 0.0196915 0.0189121
5 0.755607 0.333652 0.0117207 0.0760781
5 0.795446 0.34066 0.0156557 0.0777522
5 0.613216 0.336946 0.0118919 0.0737847
4 0.494944 0.791538 0.0312902 0.0812545
4 0.404976 0.594869 0.0181914 0.0260706
5 0.57087 0.340162 0.00966377 0.0650833
3 0.697092 0.431738 0.0444193 0.0929764
7 0.728131 0.648188 0.0484224 0.0474291
5 0.71982 0.34062 0.00769507 0.050537
5 0.595259 0.345028 0.00783844 0.0558227
5 0.680677 0.345355 0.00734119 0.0593673
5 0.667457 0.337946 0.0112377 0.0825849
3 0.61378 0.506662 0.0460011 0.0738199
6 0.582597 0.500524 0.0326588 0.0495265
