3 0.847672 0.252881 0.0609928 0.106004
4 0.417209 0.798595 0.0736175 0.0592502
6 0.64939 0.555365 0.0601439 0.102662
3 0.524085 0.402359 0.0693295 0.134856
4 0.602674 0.54578 0.0703686 0.0868261
3 0.632543 0.322096 0.0850079 0.141153
4 0.840865 0.339153 0.0208324 0.0766669
3 0.2987 0.303493 0.0559797 0.0998663
6 0.645088 0.426357 0.0458849 0.0746914
4 0.635668 0.629888 0.0573143 0.075887
6 0.362968 0.517361 0.0770191 0.0972978
6 0.644158 0.487895 0.0429558 0.0481535
4 0.419929 0.482993 0.036214 0.109241
4 0.405511 0.355637 0.0426897 0.109921
4 0.366245 0.396703 0.0570399 0.0967667
6 0.593576 0.390008 0.0478914 0.0518602
6 0.351561 0.59336 0.0688931 0.0788829
6 0.35179 0.459292 0.0546053 0.0672506
6 0.367167 0.39563 0.0601454 0.107581
