3 0.187751 0.435361 0.0591599 0.0983061
0 0.498684 0.752968 0.165295 0.382976
3 0.123382 0.564687 0.0816903 0.120887
3 0.0367855 0.43908 0.0605393 0.104911
3 0.503867 0.645716 0.0468542 0.071813
4 0.308876 0.531441 0.0162656 0.0157951
3 0.146241 0.504256 0.049235 0.0680698
3 0.195616 0.306117 0.0162392 0.0300902
6 0.182612 0.490793 0.035285 0.050196
6 0.0133078 0.540111 0.0264835 0.0446647
3 0.00613193 0.465294 0.012243 0.104493
6 0.0828292 0.520133 0.0237346 0.0578101
5 0.0769883 0.342975 0.0135227 0.0804177
