3 0.272361 0.346574 0.111044 0.183165
4 0.286175 0.169023 0.0541484 0.162159
4 0.398542 0.427855 0.0454367 0.125138
4 0.298629 0.596891 0.0683473 0.112487
4 0.549054 0.416067 0.0651777 0.06356
4 0.378393 0.706457 0.0863709 0.0601892
4 0.476396 0.599758 0.0526341 0.108535
3 0.886777 0.236917 0.055706 0.0805791
7 0.518534 0.581209 0.0516055 0.0790716
3 0.229639 0.50988 0.0507671 0.154308
4 0.197811 0.672246 0.0628632 0.082535
4 0.455229 0.273356 0.0342821 0.101407
3 0.83846 0.484778 0.0271074 0.0467348
6 0.300677 0.415057 0.0471365 0.0827568
4 0.54522 0.647149 0.0403341 0.125783
3 0.993081 0.227462 0.012933 0.0816142
3 0.765052 0.258243 0.0489575 0.0761803
3 0.750934 0.481161 0.0288464 0.0478029
3 0.738781 0.436476 0.0268696 0.0469543
4 0.521867 0.624968 0.0285725 0.0508445
3 0.270848 0.508561 0.0463773 0.142737
4 0.497334 0.437607 0.0394077 0.0701675
4 0.322878 0.214196 0.0266763 0.0975436
5 0.504549 0.250976 0.0102787 0.0723764
6 0.442029 0.442674 0.0275854 0.0597838
5 0.404635 0.154573 0.0160081 0.135407
5 0.485979 0.170766 0.0149036 0.1239
3 0.250944 0.509573 0.0865938 0.146241
3 0.2783 0.509655 0.0303707 0.124532
5 0.240457 0.209345 0.013351 0.0614558
7 0.442734 0.553616 0.0230145 0.0721086
5 0.547858 0.204514 0.0144641 0.106547
5 0.372132 0.266246 0.0122673 0.0899826
5 0.503843 0.260151 0.0138062 0.0917814
6 0.465674 0.444704 0.0212644 0.0673074
7 0.393425 0.605798 0.024593 0.0871691
5 0.536281 0.227244 0.0391523 0.154947
5 0.222852 0.175065 0.0160825 0.104593
5 0.528958 0.23009 0.0572592 0.168116
5 0.788748 0.380999 0.0104158 0.0484124
5 0.222417 0.177576 0.0204041 0.120947
