3 0.700053 0.35171 0.17203 0.303339
3 0.414653 0.117615 0.215696 0.226538
3 0.218231 0.346737 0.159017 0.273991
3 0.500743 0.305999 0.0796492 0.190043
3 0.679219 0.09065 0.124728 0.177132
7 0.351196 0.529452 0.0573612 0.120605
6 0.671289 0.190125 0.10293 0.151786
3 0.571685 0.240348 0.0321585 0.0682052
6 0.653284 0.515868 0.102572 0.134739
7 0.366764 0.392036 0.0467163 0.0942953
3 0.794802 0.253702 0.0207798 0.0365801
6 0.501632 0.157185 0.034044 0.116798
6 0.24502 0.487301 0.104971 0.126822
6 0.680965 0.179697 0.0832249 0.130758
7 0.248559 0.491183 0.112757 0.134155
