3 0.417891 0.513723 0.0429693 0.085417
3 0.545671 0.532686 0.0509084 0.0988228
3 0.45838 0.440081 0.0541468 0.102875
4 0.693676 0.540478 0.0239967 0.0169123
3 0.567247 0.42504 0.0458242 0.0858682
3 0.52075 0.485797 0.0369593 0.0671093
5 0.536676 0.340821 0.00989552 0.0653134
5 0.435936 0.339388 0.00977783 0.0631341
5 0.569929 0.341657 0.0109716 0.0554517
6 0.422029 0.472444 0.0318018 0.0523074
5 0.582261 0.344719 0.00978508 0.0521584
5 0.408651 0.342964 0.00924635 0.0504593
7 0.425574 0.567752 0.0281483 0.0413141
5 0.469996 0.340606 0.0112101 0.0610088
6 0.477119 0.491909 0.0174282 0.042688
5 0.435798 0.343925 0.0126875 0.0654531
