3 0.346213 0.512644 0.0310348 0.0504501
0 0.499004 0.851124 0.16767 0.185459
3 0.636038 0.444194 0.0617517 0.113011
3 0.535955 0.538083 0.0571134 0.0997481
3 0.503975 0.42831 0.0495543 0.0841885
3 0.475415 0.500764 0.0280046 0.0503204
3 0.673852 0.521537 0.0471008 0.0894257
4 0.348366 0.561402 0.0125138 0.0399909
3 0.585018 0.492155 0.0255636 0.0445446
5 0.511656 0.345287 0.0092886 0.0523524
6 0.665757 0.491711 0.0292536 0.0427278
3 0.550845 0.483789 0.0333139 0.0542157
5 0.492132 0.345637 0.0101467 0.047233
4 0.47645 0.544297 0.0144241 0.0411009
7 0.60886 0.599987 0.0242581 0.0372067
5 0.612765 0.346937 0.00854492 0.0436016
5 0.664317 0.342751 0.00881023 0.0520501
5 0.690257 0.343168 0.00907574 0.0478472
6 0.667604 0.48613 0.0304701 0.0413664
5 0.646685 0.34564 0.00742168 0.0418064
5 0.688139 0.343172 0.0110001 0.0506629
6 0.498105 0.474504 0.0276616 0.0375495
5 0.531521 0.349131 0.00696427 0.0429197
6 0.614077 0.496777 0.0199207 0.0442245
7 0.647029 0.588282 0.026919 0.0416075
5 0.68349 0.344402 0.0074667 0.0445076
