3 0.407059 0.362126 0.14928 0.256545
4 0.259101 0.501267 0.125783 0.140729
6 0.462552 0.48148 0.0446072 0.0972536
6 0.672106 0.463706 0.0702233 0.102203
7 0.463369 0.720545 0.0440034 0.0886095
7 0.670579 0.603404 0.057128 0.0812883
3 0.697228 0.335586 0.120273 0.201017
3 0.32073 0.549265 0.073892 0.202049
3 0.869746 0.242064 0.0327417 0.0725917
7 0.588105 0.716126 0.0590452 0.0899568
3 0.983429 0.346059 0.0320446 0.055884
3 0.563599 0.502809 0.0943937 0.175967
5 0.445001 0.0930078 0.0203212 0.149714
5 0.332387 0.0981453 0.0215024 0.1426
6 0.60157 0.486856 0.0927941 0.147481
7 0.667553 0.687843 0.0627627 0.0870961
5 0.258994 0.107382 0.0228462 0.123021
7 0.429864 0.573156 0.03952 0.0993517
7 0.360551 0.704155 0.0509387 0.0836999
5 0.713212 0.111006 0.0199377 0.137037
5 0.744705 0.116916 0.0142059 0.109782
6 0.604084 0.401903 0.0254143 0.0876609
5 0.536791 0.132945 0.0152123 0.097417
5 0.625825 0.105933 0.0256342 0.154371
7 0.317871 0.676105 0.0382566 0.0549028
7 0.365575 0.60824 0.0210898 0.0694393
3 0.744268 0.242681 0.0375671 0.0577796
3 0.874731 0.309876 0.0186277 0.0501131
5 0.413385 0.128488 0.0154385 0.0966278
6 0.355779 0.468586 0.0461573 0.0838318
6 0.527554 0.38961 0.0238642 0.0808053
5 0.620599 0.116301 0.0176301 0.141136
4 0.98306 0.39723 0.0108601 0.043239
6 0.312393 0.443979 0.0525844 0.105674
4 0.600642 0.489601 0.0902125 0.151256
