6 0.89292 0.800589 0.0819176 0.160277
3 0.83383 0.608562 0.195757 0.304672
7 0.764144 0.936982 0.0693934 0.105369
3 0.748941 0.70252 0.114945 0.192252
5 0.889055 0.280092 0.0393402 0.210212
4 0.505479 0.759757 0.0245897 0.0811552
3 0.665217 0.891364 0.0788229 0.157596
3 0.652505 0.426623 0.0190506 0.0346685
7 0.739202 0.832946 0.0658405 0.131826
3 0.897308 0.489772 0.102169 0.146065
3 0.651394 0.388539 0.0172527 0.0344465
3 0.686787 0.570726 0.0308542 0.0567983
5 0.72517 0.323337 0.0170933 0.116195
5 0.928313 0.326781 0.0213144 0.105815
5 0.761829 0.303563 0.0289282 0.158558
3 0.687467 0.392572 0.020756 0.0394725
5 0.841035 0.328093 0.0174522 0.0981074
6 0.72411 0.599482 0.0264446 0.0554758
3 0.714053 0.426317 0.0225721 0.0374037
3 0.717914 0.426501 0.0178827 0.03588
3 0.678075 0.425343 0.0183058 0.0395881
