3 0.643292 0.512092 0.0466846 0.0880832
3 0.783028 0.517519 0.0496414 0.0879744
3 0.728675 0.437387 0.0549545 0.0955005
3 0.383967 0.52635 0.0266359 0.0486299
3 0.297566 0.390882 0.0215484 0.0388324
3 0.682383 0.484128 0.0346685 0.069828
3 0.635019 0.41815 0.0399134 0.073558
3 0.244622 0.390002 0.0227975 0.037796
3 0.138027 0.454859 0.021132 0.0334415
3 0.262616 0.430253 0.024613 0.0412606
3 0.317801 0.422197 0.0177979 0.0389784
4 0.501078 0.791849 0.0204712 0.0614548
3 0.761185 0.414193 0.0320227 0.0600464
5 0.713589 0.342449 0.00888882 0.0560204
1 0.499889 0.839477 0.14431 0.188811
7 0.657072 0.564421 0.0259218 0.0383372
5 0.653728 0.342506 0.00732975 0.0480376
5 0.670095 0.35063 0.00650635 0.0432603
6 0.776617 0.482758 0.033218 0.0389079
7 0.775228 0.567762 0.0285052 0.0364902
6 0.629512 0.459654 0.0195969 0.023812
5 0.80127 0.341626 0.013221 0.051055
3 0.42168 0.458124 0.0130497 0.0244089
7 0.73973 0.570439 0.0208839 0.0442914
5 0.758491 0.339544 0.00946465 0.0485085
6 0.781531 0.474455 0.0375766 0.0434447
6 0.742867 0.491565 0.0219266 0.0350646
5 0.779101 0.342531 0.00799713 0.0451223
5 0.63318 0.345207 0.00825176 0.0425859
5 0.759811 0.340076 0.0093956 0.0587829
7 0.691754 0.571205 0.0160023 0.0473174
6 0.705448 0.487925 0.011894 0.0480785
