3 0.712538 0.562247 0.0653968 0.113637
3 0.595088 0.654783 0.0419275 0.0814888
3 0.874737 0.560636 0.0642853 0.107401
3 0.841967 0.464273 0.0824577 0.131825
3 0.801209 0.428645 0.0429464 0.0850733
3 0.983239 0.395852 0.0309845 0.0455222
6 0.860893 0.522317 0.0423992 0.050979
4 0.240213 0.666523 0.0350954 0.0301996
3 0.667646 0.433944 0.0503469 0.0956503
5 0.833239 0.339682 0.0153378 0.0821305
3 0.713529 0.497027 0.045302 0.0596802
6 0.802889 0.524378 0.0383041 0.0576124
7 0.849886 0.637533 0.0422644 0.0447988
5 0.792577 0.342337 0.0084254 0.0508314
5 0.910603 0.338554 0.0115801 0.0762563
1 0.499828 0.835212 0.143787 0.188722
5 0.884593 0.336155 0.0144741 0.0748021
7 0.800822 0.64106 0.0310974 0.0434248
4 0.497821 0.794083 0.020645 0.062755
3 0.994277 0.433263 0.0112877 0.0509378
4 0.287385 0.63138 0.0127777 0.0389663
5 0.737439 0.340939 0.0137939 0.0692112
5 0.694445 0.340638 0.0113451 0.0630069
3 0.913777 0.448988 0.0142181 0.0309958
5 0.732623 0.344954 0.010521 0.0605314
6 0.73972 0.516881 0.0198008 0.0576619
7 0.675024 0.586947 0.0442814 0.0785065
3 0.946828 0.434819 0.0164043 0.0400757
5 0.789471 0.344043 0.0089489 0.0592726
3 0.488133 0.543842 0.0248557 0.0453886
5 0.691354 0.343692 0.0112314 0.0722274
7 0.734479 0.627117 0.0203886 0.045482
7 0.878639 0.615341 0.0286934 0.0378017
