3 0.181507 0.672721 0.0550116 0.0882419
3 0.367983 0.415652 0.0402136 0.0734299
3 0.432518 0.485657 0.036583 0.0727002
3 0.458954 0.409058 0.0315598 0.0632518
3 0.937281 0.403669 0.0398487 0.0574499
3 0.343173 0.477252 0.0314244 0.0640203
3 0.906106 0.441413 0.0290485 0.0404905
3 0.987391 0.461017 0.0238098 0.0628469
4 0.505033 0.753147 0.033935 0.0849177
5 0.446316 0.348192 0.00828495 0.0402722
5 0.466064 0.349619 0.00771322 0.0409241
3 0.681392 0.507778 0.0270405 0.0295248
6 0.345814 0.446364 0.0268632 0.0328637
6 0.383761 0.45133 0.0203506 0.0350249
5 0.346635 0.34601 0.0106343 0.0422898
5 0.421688 0.347951 0.00846462 0.0438143
