3 0.0836805 0.848875 0.167361 0.272687
3 0.325749 0.533312 0.128132 0.214971
6 0.282897 0.662449 0.0671825 0.107092
3 0.36212 0.634404 0.083757 0.14097
3 0.246988 0.470026 0.0732727 0.133929
5 0.0837753 0.299814 0.0453206 0.171317
3 0.105743 0.649398 0.12511 0.175621
5 0.298457 0.316406 0.021221 0.140843
5 0.356152 0.332849 0.0115481 0.0788464
0 0.505255 0.755186 0.153372 0.385861
6 0.369214 0.723093 0.0525751 0.0961012
5 0.0101539 0.329305 0.0201771 0.102055
5 0.383686 0.333066 0.0137087 0.0922223
6 0.135034 0.714726 0.0675456 0.083274
5 0.217836 0.332034 0.0116481 0.0653443
5 0.369524 0.317554 0.01569 0.102532
7 0.293597 0.867233 0.0636891 0.0768901
5 0.282658 0.337451 0.0115256 0.077832
6 0.21981 0.551739 0.0138854 0.0635
3 0.00777629 0.52271 0.0155526 0.142481
3 0.0993449 0.638903 0.100415 0.151754
6 0.0178205 0.734653 0.0356411 0.0755544
5 0.37226 0.321377 0.019094 0.10702
6 0.357888 0.790901 0.057301 0.066214
6 0.0147955 0.726397 0.0295909 0.060988
6 0.127266 0.554932 0.0323219 0.06943
