3 0.9091 0.547849 0.071773 0.108958
0 0.500548 0.753184 0.158602 0.367874
3 0.719492 0.517844 0.0530586 0.0899106
3 0.346197 0.718324 0.0617452 0.109831
3 0.8073 0.445819 0.0684742 0.103871
3 0.904769 0.433033 0.0669157 0.0944527
3 0.737886 0.422638 0.0459105 0.0789108
3 0.816654 0.5068 0.0461348 0.0614065
7 0.880467 0.606853 0.0469019 0.0389669
4 0.560893 0.532377 0.0189734 0.0145465
5 0.905884 0.343978 0.008992 0.0466487
4 0.413319 0.55376 0.0237818 0.0154505
6 0.886952 0.509183 0.0424454 0.0455833
6 0.730415 0.479534 0.0269701 0.0432779
5 0.937846 0.344067 0.00956707 0.0552997
5 0.922693 0.340602 0.0103277 0.0585849
6 0.920611 0.485533 0.0357849 0.0391547
5 0.840352 0.345278 0.0111435 0.0697281
5 0.709521 0.347371 0.00800584 0.0477921
5 0.782945 0.340801 0.0103861 0.0514946
5 0.746856 0.348166 0.00835018 0.0449462
6 0.886392 0.498251 0.0373936 0.0411679
6 0.723811 0.467993 0.0261232 0.0351333
5 0.723063 0.345986 0.0104679 0.0485838
