3 0.813666 0.649268 0.216917 0.352745
3 0.226271 0.668196 0.230084 0.396782
5 0.933739 0.267964 0.0491486 0.23067
3 0.518176 0.828083 0.115748 0.276511
5 0.755366 0.295928 0.0285721 0.183109
5 0.271387 0.295069 0.0282325 0.184132
5 0.0979611 0.268399 0.0458292 0.252211
5 0.456107 0.306261 0.0207491 0.144899
6 0.87702 0.866353 0.0550175 0.168361
4 0.395589 0.654613 0.0324235 0.0312968
5 0.567554 0.309743 0.0200397 0.149612
6 0.163561 0.902757 0.0770039 0.18328
6 0.702569 0.800278 0.0434561 0.127017
6 0.334534 0.82124 0.0442543 0.124388
