3 0.397689 0.419695 0.0409649 0.076889
3 0.696814 0.777791 0.0652863 0.122294
3 0.264605 0.426545 0.052915 0.0901337
3 0.681897 0.712481 0.0555744 0.0875593
3 0.122834 0.487869 0.0236568 0.0391508
3 0.340868 0.515981 0.0495836 0.0904979
3 0.480364 0.507069 0.0221947 0.042594
4 0.658007 0.847904 0.0331725 0.0768581
3 0.270342 0.498183 0.0435039 0.071368
4 0.682596 0.61586 0.0283165 0.0326709
3 0.382983 0.483558 0.0391324 0.0669278
3 0.32672 0.41316 0.0299546 0.0697546
1 0.500573 0.725996 0.144019 0.408612
5 0.35694 0.342244 0.00839863 0.0539953
5 0.243619 0.342311 0.00995793 0.0550752
5 0.313942 0.339502 0.00870161 0.0555074
5 0.263185 0.343066 0.0104296 0.0584979
5 0.315701 0.338664 0.00888329 0.048845
6 0.27857 0.480372 0.0282123 0.048024
5 0.378713 0.345999 0.00753959 0.0431657
4 0.17488 0.467485 0.0160007 0.0172091
5 0.396971 0.347684 0.00805972 0.0501487
7 0.388665 0.547189 0.0260481 0.0379512
5 0.33869 0.344443 0.00664339 0.0482192
5 0.407958 0.346521 0.00909023 0.0469816
7 0.264093 0.546004 0.0276705 0.0423867
5 0.307762 0.342897 0.00750351 0.0478168
