3 0.202821 0.662081 0.0528339 0.0879925
3 0.497577 0.512123 0.023443 0.0427858
3 0.314619 0.403251 0.0429701 0.0414114
4 0.683072 0.609314 0.0156453 0.0325913
4 0.499502 0.797204 0.0238935 0.0724012
3 0.558091 0.384598 0.0165314 0.0343434
0 0.494564 0.725132 0.144912 0.407912
3 0.237319 0.405246 0.043717 0.0483412
3 0.244755 0.54253 0.0369142 0.0233943
3 0.592014 0.381609 0.0131624 0.0291828
3 0.351643 0.398432 0.0360434 0.0423556
5 0.237828 0.342869 0.00964465 0.0534979
5 0.217886 0.342349 0.00993447 0.0484488
5 0.369572 0.346435 0.00945368 0.0451081
3 0.557703 0.378995 0.0160467 0.0316793
