3 0.305321 0.60173 0.0380389 0.0725446
3 0.614127 0.522793 0.0527178 0.0937354
3 0.510788 0.491074 0.0476643 0.0941044
3 0.652685 0.421289 0.0452768 0.0891489
4 0.820582 0.59483 0.0303944 0.0302912
3 0.538135 0.426635 0.0518119 0.0949828
3 0.615432 0.468474 0.039745 0.046253
4 0.501597 0.796379 0.023513 0.0744475
3 0.609187 0.707803 0.0513456 0.107846
3 0.448751 0.383016 0.0157856 0.0341856
3 0.395038 0.437386 0.0134838 0.023547
3 0.424716 0.412764 0.0171791 0.030177
3 0.464668 0.413551 0.0152474 0.0333414
3 0.422521 0.383087 0.0174828 0.0333304
0 0.499634 0.834246 0.146266 0.191426
5 0.664039 0.344243 0.00988293 0.0552626
5 0.605565 0.343996 0.0103601 0.0590914
5 0.518061 0.343109 0.00952969 0.0560817
3 0.615478 0.477673 0.0454863 0.0460898
