3 0.68361 0.792086 0.0794584 0.153894
3 0.179467 0.44221 0.0627016 0.103433
3 0.0711497 0.579363 0.0829161 0.12451
3 0.0973487 0.432975 0.0536736 0.0925033
3 0.29376 0.445219 0.0146729 0.0300107
3 0.187143 0.521277 0.0517072 0.0830769
6 0.162827 0.503535 0.0290633 0.054858
3 0.0162554 0.544524 0.0325107 0.149972
5 0.084856 0.344106 0.0138339 0.0849273
5 0.00990032 0.339284 0.0165514 0.08645
5 0.0703938 0.348126 0.00970714 0.0674735
4 0.241757 0.483325 0.0171947 0.0160246
5 0.196694 0.344609 0.0103012 0.0681414
7 0.167423 0.601251 0.0331377 0.0602638
5 0.170925 0.350587 0.0167174 0.0871563
7 0.0427345 0.645931 0.0266477 0.0551483
5 0.11942 0.344048 0.00997288 0.0573365
3 0.0205484 0.470537 0.0281254 0.0392833
5 0.171261 0.343182 0.0132477 0.0728146
6 0.10106 0.519929 0.0191755 0.0566615
7 0.166597 0.564938 0.0163312 0.0298353
5 0.0125216 0.346422 0.0231132 0.105949
3 0.019924 0.527064 0.0380015 0.146171
4 0.354755 0.483222 0.0143871 0.0182967
