0 0.499754 0.850527 0.165091 0.184939
3 0.282915 0.545667 0.0605618 0.105517
3 0.37046 0.449328 0.0630308 0.114306
3 0.4507 0.527803 0.0518417 0.091738
3 0.0424424 0.24917 0.0429391 0.0590099
3 0.290423 0.431685 0.0505617 0.0850677
3 0.434812 0.423422 0.046007 0.0844983
3 0.679467 0.459168 0.0168882 0.0273733
3 0.757328 0.427912 0.0271774 0.0400646
3 0.720144 0.390845 0.021701 0.0362847
3 0.771258 0.388592 0.0181849 0.0327504
3 0.691631 0.423897 0.0194566 0.0365432
3 0.00641083 0.617427 0.012702 0.0632904
4 0.942115 0.509786 0.0198704 0.0179723
4 0.981856 0.515607 0.0221218 0.0170054
6 0.440118 0.492869 0.033169 0.0483009
3 0.737404 0.422976 0.0161436 0.0375292
5 0.292676 0.346095 0.00838022 0.0478254
5 0.254539 0.341189 0.00992675 0.0534612
6 0.298169 0.504636 0.0374094 0.0476808
7 0.302218 0.602122 0.0367933 0.0417569
4 0.99513 0.65022 0.00960331 0.0234582
7 0.437426 0.586165 0.0316989 0.0453215
5 0.380357 0.347144 0.00691319 0.0426464
6 0.272113 0.482492 0.026853 0.0354095
4 0.982816 0.518824 0.0224401 0.0216799
5 0.45483 0.343274 0.00864868 0.0474186
6 0.295666 0.497776 0.0365881 0.0461453
5 0.272011 0.341301 0.0125047 0.0566819
5 0.270877 0.343142 0.0085556 0.0543724
5 0.342575 0.338378 0.0106502 0.0626418
6 0.438116 0.49898 0.0325886 0.0489266
