3 0.371509 0.420628 0.0415597 0.077244
3 0.478363 0.412842 0.0356295 0.0675689
3 0.437701 0.495123 0.0406931 0.0807714
3 0.653085 0.50229 0.027174 0.0519595
3 0.549775 0.484379 0.0225754 0.0452954
3 0.404975 0.408594 0.0276194 0.0629277
3 0.3608 0.480442 0.0329857 0.065465
4 0.497438 0.784276 0.0183292 0.0711893
4 0.652324 0.547956 0.0122623 0.0412017
1 0.500023 0.839356 0.143888 0.189385
3 0.468784 0.469792 0.0219311 0.0479801
5 0.356465 0.345166 0.00927086 0.0390027
1 0.499131 0.732003 0.13797 0.395172
3 0.462854 0.467899 0.0319338 0.0519517
5 0.453234 0.345757 0.00869522 0.0401394
6 0.385868 0.464405 0.0205701 0.0328061
