3 0.0843818 0.5962 0.0508281 0.0715246
3 0.278915 0.493568 0.046691 0.0749985
3 0.568826 0.474728 0.0173717 0.0327312
3 0.384523 0.472729 0.0325242 0.0572856
3 0.294809 0.269018 0.0168908 0.0253716
0 0.493015 0.752999 0.163899 0.369674
3 0.498293 0.379993 0.0216745 0.0206887
7 0.253675 0.517708 0.0243266 0.0315318
3 0.533112 0.378517 0.0143873 0.0195682
7 0.296157 0.534886 0.0213681 0.0246519
5 0.33589 0.35103 0.00909967 0.044587
7 0.333824 0.531632 0.0134071 0.0283371
5 0.364406 0.349924 0.00725851 0.0468945
5 0.281449 0.349307 0.00861816 0.0353512
