3 0.338465 0.628803 0.0418319 0.0803543
3 0.802648 0.434354 0.0602755 0.103694
3 0.652598 0.438462 0.0551903 0.100251
3 0.745956 0.551207 0.0628957 0.107958
1 0.499411 0.830969 0.144715 0.195882
3 0.748877 0.485411 0.0451361 0.0474131
3 0.625446 0.502254 0.043922 0.0877343
3 0.573155 0.382633 0.0155197 0.0315249
5 0.818594 0.339938 0.0110207 0.0569923
5 0.662499 0.342696 0.0108471 0.069719
3 0.545273 0.383183 0.0150232 0.0291459
7 0.666462 0.590562 0.0280209 0.0442946
3 0.546277 0.41305 0.0137022 0.0315862
5 0.782223 0.340599 0.0125217 0.0656264
6 0.670089 0.494174 0.0272895 0.0453653
4 0.493926 0.788859 0.0283628 0.0783507
5 0.631723 0.34289 0.00931238 0.0584296
7 0.628963 0.564867 0.0368628 0.0549369
5 0.740482 0.348172 0.0168457 0.0781918
5 0.691366 0.34556 0.008041 0.0482707
5 0.742123 0.34301 0.0124182 0.067644
6 0.628003 0.474832 0.0349943 0.0515011
5 0.690068 0.347007 0.00896626 0.0571068
7 0.720204 0.599372 0.0229232 0.0419926
5 0.739042 0.355824 0.0201622 0.0877313
3 0.680282 0.414135 0.0336332 0.0687822
5 0.616546 0.344639 0.00905018 0.0545937
5 0.615126 0.343925 0.00842056 0.0601585
3 0.563776 0.411221 0.0193787 0.032216
6 0.72176 0.499109 0.0219341 0.0484364
3 0.560723 0.413068 0.0184578 0.0339323
