6 0.645968 0.452396 0.0762712 0.106797
3 0.4793 0.425562 0.0587687 0.132352
4 0.40427 0.73704 0.0688956 0.0867669
4 0.641855 0.611307 0.0730455 0.0980957
3 0.607344 0.303766 0.0770647 0.135199
3 0.872483 0.441549 0.064035 0.108849
4 0.407323 0.473415 0.070795 0.101719
4 0.86724 0.540715 0.0231718 0.0827699
4 0.650436 0.162837 0.0361647 0.123161
4 0.388565 0.211358 0.0373837 0.150356
4 0.484524 0.756514 0.0763008 0.0557724
4 0.360372 0.36865 0.0447838 0.0849609
4 0.508405 0.189511 0.0338906 0.21747
3 0.66217 0.360983 0.0468627 0.0929346
4 0.634155 0.520383 0.0444185 0.088424
4 0.367823 0.512139 0.0382061 0.0841368
4 0.346228 0.399971 0.0605186 0.0937819
4 0.347668 0.640464 0.0720293 0.0598463
4 0.32528 0.165516 0.0280646 0.125778
6 0.500495 0.485745 0.0213201 0.0705344
6 0.578342 0.48593 0.0441586 0.107251
5 0.441909 0.150231 0.00982256 0.098327
7 0.414879 0.630805 0.0449221 0.0558036
6 0.346822 0.39866 0.0617846 0.0920712
7 0.358287 0.551638 0.0517762 0.0805849
5 0.36111 0.156571 0.0137314 0.0869868
7 0.502289 0.643625 0.0224198 0.0599757
6 0.64771 0.482589 0.0755974 0.156989
4 0.64401 0.483104 0.0680373 0.163437
4 0.504479 0.131228 0.0225679 0.0874376
3 0.587603 0.488828 0.0548691 0.109859
7 0.362418 0.603099 0.0621091 0.0877178
4 0.355519 0.624181 0.0760375 0.0758918
