3 0.268004 0.433347 0.0563519 0.0993515
3 0.123721 0.73454 0.0695716 0.114885
3 0.393729 0.513376 0.0258649 0.0458941
3 0.135663 0.431519 0.0625153 0.0939803
3 0.312085 0.500557 0.0413464 0.0823845
3 0.175212 0.537879 0.0696167 0.10603
4 0.502975 0.789475 0.0298826 0.0835781
3 0.476448 0.501756 0.0220277 0.0424001
3 0.19887 0.489874 0.0417493 0.0668048
3 0.452574 0.411901 0.0185448 0.0303715
3 0.409437 0.411906 0.015427 0.0299329
3 0.427509 0.38297 0.0177992 0.0299163
5 0.287398 0.342821 0.0105529 0.0651111
5 0.11124 0.340386 0.010172 0.0556143
7 0.251757 0.574466 0.0199859 0.0472453
5 0.13394 0.338849 0.0117908 0.0584101
7 0.199216 0.584932 0.0277643 0.0346538
6 0.246891 0.485731 0.015638 0.0496173
6 0.304693 0.464076 0.0264308 0.0463584
4 0.620337 0.678424 0.0194165 0.0534181
5 0.173266 0.340741 0.0148848 0.0620488
0 0.501585 0.722699 0.175133 0.434212
5 0.247545 0.343464 0.00989103 0.0598631
3 0.137747 0.53625 0.0173868 0.0396475
5 0.205446 0.34038 0.00968652 0.0600421
5 0.173916 0.346402 0.0179928 0.0757715
3 0.457586 0.381286 0.0141323 0.0340146
5 0.259665 0.345522 0.0104997 0.0579731
