3 0.766908 0.530809 0.0578498 0.0949773
3 0.705668 0.424188 0.0448907 0.0842755
3 0.868228 0.438257 0.0668705 0.100454
3 0.864587 0.519301 0.0603058 0.0771211
4 0.496291 0.794185 0.0264388 0.0786364
0 0.500649 0.725658 0.146295 0.401524
3 0.799285 0.421584 0.0419554 0.0816351
3 0.690007 0.487573 0.0269529 0.0457401
3 0.723599 0.487536 0.0437349 0.0701158
4 0.381017 0.588614 0.0266324 0.0207462
4 0.431495 0.555237 0.0240608 0.0178792
7 0.83599 0.585933 0.0331635 0.0378843
5 0.736262 0.345415 0.00797043 0.0471228
5 0.872782 0.340342 0.0133793 0.061605
6 0.711466 0.475724 0.0251644 0.0480423
6 0.8473 0.491555 0.0314919 0.0401027
7 0.839717 0.582381 0.031094 0.0406239
5 0.711257 0.343731 0.00732301 0.04741
7 0.70307 0.53351 0.0242126 0.0407978
7 0.843784 0.5721 0.0292227 0.0410949
4 0.67475 0.650932 0.0176874 0.0424443
5 0.786221 0.34162 0.00815957 0.0438634
4 0.492123 0.536021 0.0191706 0.0155488
7 0.838953 0.582096 0.0237148 0.0466166
