3 0.972568 0.659793 0.0548641 0.163651
4 0.252351 0.785398 0.0498875 0.0530546
6 0.863254 0.556017 0.0377478 0.076043
3 0.836886 0.472411 0.0904495 0.141159
3 0.788321 0.558392 0.0686823 0.105862
4 0.657522 0.625715 0.0303038 0.0261451
3 0.974642 0.555614 0.0507151 0.0889508
5 0.862144 0.336321 0.0153675 0.0923536
5 0.805597 0.337034 0.0134497 0.0793033
7 0.791048 0.640009 0.0514198 0.0863265
5 0.843219 0.343731 0.0111553 0.0708424
5 0.895386 0.341222 0.0123362 0.0663169
7 0.852844 0.695982 0.0342999 0.0643542
5 0.777279 0.3398 0.0138397 0.071867
7 0.79715 0.647147 0.0404919 0.0779031
5 0.991811 0.341861 0.0153725 0.0792974
5 0.790535 0.33968 0.0117414 0.0677529
4 0.757678 0.638697 0.0330943 0.0246701
5 0.785471 0.352921 0.0343454 0.0987676
6 0.78584 0.505341 0.0334627 0.0567297
