6 0.64229 0.601348 0.0407152 0.081286
6 0.41364 0.60902 0.0481963 0.1002
6 0.412508 0.645247 0.050332 0.0739219
3 0.536032 0.628014 0.0755838 0.136088
3 0.635823 0.713835 0.0700817 0.125866
3 0.729688 0.178523 0.0416739 0.0674496
3 0.670057 0.172779 0.0416212 0.0575196
4 0.493532 0.891282 0.0575655 0.0373254
3 0.403919 0.17029 0.0442617 0.0642812
3 0.117784 0.172984 0.0432633 0.0601463
3 0.261314 0.172164 0.0441825 0.0602656
4 0.647362 0.839598 0.0415862 0.072955
6 0.612545 0.580281 0.0447689 0.0658585
7 0.439509 0.793725 0.0588926 0.0762995
4 0.414183 0.327649 0.0149653 0.0236675
4 0.604057 0.315103 0.00986309 0.0404075
0 0.181732 0.435604 0.0728293 0.0446877
4 0.428946 0.409639 0.0275995 0.094191
4 0.543039 0.355416 0.0233781 0.0218028
3 0.0861218 0.482166 0.0339655 0.0554186
4 0.978229 0.954159 0.0429951 0.0916829
