3 0.649134 0.818885 0.128502 0.178274
3 0.378406 0.827173 0.119764 0.183931
3 0.302756 0.59179 0.0494 0.0852405
3 0.703887 0.583916 0.0494009 0.0809475
3 0.51101 0.631133 0.0598528 0.163334
3 0.646495 0.461735 0.0368601 0.0545122
5 0.540714 0.506625 0.0136889 0.0829478
5 0.393233 0.53643 0.0142828 0.0892891
5 0.628788 0.530243 0.0154118 0.0857325
5 0.477647 0.507903 0.0136064 0.087902
6 0.647294 0.757033 0.0574259 0.0718818
4 0.309932 0.664257 0.0190722 0.0655782
5 0.394263 0.546061 0.0178921 0.11045
6 0.6066 0.718266 0.0340176 0.0685764
5 0.469759 0.770694 0.0243429 0.144468
5 0.349284 0.575783 0.0184011 0.107017
5 0.569277 0.758004 0.0188808 0.132655
6 0.382526 0.758093 0.0547911 0.0640306
