3 0.407213 0.363273 0.148935 0.256291
4 0.25838 0.497038 0.121083 0.142896
6 0.462767 0.481633 0.0452782 0.0979271
6 0.671446 0.462413 0.0695416 0.101504
7 0.462298 0.72037 0.0416277 0.0882689
3 0.695881 0.335753 0.117765 0.200965
3 0.320615 0.550814 0.0731888 0.198818
7 0.672389 0.604784 0.0614799 0.084186
3 0.870083 0.242184 0.0326412 0.0722239
7 0.588175 0.715547 0.0599528 0.0894967
3 0.984206 0.345933 0.0303848 0.0547431
5 0.332217 0.0975273 0.0216025 0.138679
7 0.668855 0.687799 0.0642544 0.0822845
3 0.563936 0.503254 0.0943249 0.175811
5 0.444853 0.0936343 0.0206758 0.150548
6 0.60209 0.487508 0.0954899 0.148837
7 0.429647 0.573557 0.0393104 0.0983921
7 0.360498 0.703817 0.0517165 0.0848529
5 0.258581 0.106323 0.023067 0.121012
5 0.712623 0.109992 0.0180493 0.137238
5 0.744723 0.116944 0.0141758 0.109051
3 0.875234 0.311116 0.0187725 0.0519679
5 0.624508 0.110249 0.0273251 0.16083
5 0.536821 0.132732 0.0152693 0.0978565
6 0.604211 0.402274 0.0255348 0.0859477
7 0.317957 0.676142 0.0389505 0.0558048
6 0.527574 0.389559 0.0248702 0.0811426
7 0.365526 0.608354 0.020213 0.0682364
5 0.413542 0.129636 0.0149536 0.0991574
3 0.744883 0.24334 0.0380775 0.0581469
6 0.35676 0.468498 0.0451352 0.0850918
6 0.311982 0.442268 0.0529228 0.104331
7 0.602192 0.580354 0.0211378 0.0856624
