3 0.728285 0.246386 0.111318 0.190539
3 0.895887 0.232473 0.0952904 0.15
3 0.888656 0.417351 0.104609 0.174116
3 0.600413 0.389732 0.0879103 0.153403
3 0.636883 0.228116 0.0788594 0.148636
7 0.66501 0.425431 0.0299574 0.0754884
0 0.441243 0.73759 0.260634 0.230963
3 0.766501 0.365889 0.0655535 0.149764
5 0.90708 0.0519377 0.0187382 0.102515
6 0.678825 0.330866 0.0297033 0.106295
5 0.954249 0.0541733 0.0200533 0.107982
6 0.617754 0.307936 0.0477446 0.0912651
4 0.599261 0.582339 0.04604 0.0805083
5 0.816135 0.0744406 0.0156378 0.0995264
3 0.984597 0.273166 0.0303829 0.0626589
6 0.86996 0.321596 0.0518578 0.067137
5 0.776198 0.0551123 0.0148608 0.106448
7 0.619756 0.484513 0.0489319 0.0788618
3 0.793791 0.18299 0.0237957 0.0643966
6 0.611163 0.299904 0.034775 0.070836
7 0.858456 0.506704 0.0568085 0.0721113
5 0.652255 0.0747019 0.0136281 0.0929162
6 0.791081 0.281185 0.0184427 0.0449816
5 0.746222 0.0741357 0.0109341 0.0870822
