6 0.614637 0.777923 0.105876 0.179033
3 0.611792 0.581729 0.161269 0.283877
3 0.366776 0.640137 0.047972 0.0827447
3 0.736509 0.720901 0.123269 0.214905
3 0.960694 0.557815 0.0786112 0.249416
4 0.0382451 0.80932 0.0670754 0.0726213
5 0.950013 0.321709 0.0264725 0.123572
5 0.569654 0.297888 0.0258617 0.177433
5 0.681042 0.249597 0.044299 0.322699
5 0.776218 0.326534 0.0187801 0.113909
3 0.796298 0.490988 0.0227964 0.0365774
7 0.623535 0.907517 0.0744894 0.137926
5 0.597804 0.31162 0.0191866 0.141032
5 0.67766 0.300036 0.0392582 0.228576
0 0.502931 0.757808 0.163625 0.37849
7 0.657734 0.913055 0.143516 0.15452
