0 0.4993 0.749389 0.162938 0.381969
3 0.209686 0.559539 0.0360589 0.0534363
3 0.368865 0.532231 0.0286961 0.0483919
3 0.863675 0.44744 0.0737167 0.11209
3 0.736969 0.424105 0.0481702 0.0767064
3 0.934853 0.537517 0.065255 0.0987295
3 0.75083 0.523985 0.0567465 0.0942286
3 0.322704 0.428334 0.0221478 0.0399956
3 0.30539 0.391204 0.0211146 0.0359795
3 0.794719 0.495573 0.0480356 0.0835591
3 0.358561 0.391163 0.0223001 0.0369651
3 0.377056 0.423943 0.0207672 0.0361059
3 0.901632 0.417521 0.0386349 0.073897
4 0.29373 0.488618 0.0165612 0.0197837
3 0.931917 0.598269 0.0593334 0.0463995
5 0.736984 0.345805 0.00927652 0.0527285
6 0.927227 0.496071 0.0494881 0.0512022
6 0.73392 0.466581 0.0203611 0.0275369
4 0.536161 0.479777 0.0163464 0.0152298
