3 0.665365 0.491971 0.0413364 0.0727342
3 0.791701 0.494159 0.0430717 0.0720328
3 0.40542 0.523261 0.024749 0.0462686
3 0.457789 0.617715 0.037865 0.0705198
3 0.313287 0.979007 0.089562 0.0419868
4 0.269535 0.671291 0.0130765 0.039967
0 0.500377 0.758399 0.155709 0.391869
3 0.432759 0.283416 0.023851 0.0374109
3 0.70161 0.47462 0.0222156 0.0447718
4 0.384856 0.54926 0.0204389 0.0173321
3 0.746895 0.485361 0.0169964 0.0356083
6 0.763194 0.468334 0.0215765 0.0335402
3 0.757809 0.481547 0.0199795 0.0396721
5 0.758338 0.349537 0.00748882 0.0371479
5 0.760655 0.348181 0.00775394 0.0462123
7 0.678593 0.53387 0.0220079 0.029922
7 0.78167 0.533113 0.0289274 0.0245511
6 0.784595 0.467026 0.0273907 0.0232623
5 0.731919 0.34767 0.00820618 0.0396318
5 0.770631 0.346713 0.00839214 0.0437641
