3 0.406708 0.362238 0.150061 0.257647
3 0.636737 0.609011 0.14117 0.231019
7 0.46255 0.718803 0.0436028 0.0916636
4 0.262461 0.569051 0.137459 0.115521
3 0.696723 0.335795 0.116107 0.201941
6 0.462774 0.481002 0.0449061 0.0964842
3 0.864508 0.241296 0.043512 0.0731301
3 0.983898 0.345758 0.0312229 0.0557227
7 0.589956 0.715598 0.0557781 0.0863553
5 0.332305 0.0955692 0.0217921 0.139755
3 0.569496 0.500042 0.104591 0.172046
5 0.44511 0.0922226 0.0203529 0.149075
3 0.869225 0.312197 0.0301516 0.0518781
6 0.592703 0.480498 0.0527874 0.0922959
7 0.360529 0.70457 0.0507864 0.0816325
5 0.624234 0.110145 0.0265081 0.163134
5 0.712624 0.110669 0.0184906 0.137167
5 0.258539 0.106115 0.023005 0.119491
7 0.429499 0.572973 0.0381599 0.10003
5 0.744771 0.116281 0.014096 0.110342
4 0.889992 0.848636 0.115604 0.200837
6 0.605619 0.399752 0.0249709 0.0818378
5 0.536783 0.132898 0.0160942 0.097502
6 0.527381 0.390266 0.0239841 0.0809019
3 0.333357 0.572439 0.0517278 0.162205
5 0.413206 0.129704 0.0155687 0.0953537
6 0.354935 0.467128 0.0513715 0.0901465
3 0.744586 0.242697 0.0386507 0.0583966
7 0.36518 0.608456 0.0205682 0.0704595
