3 0.836509 0.563816 0.0695175 0.113167
3 0.335963 0.672798 0.0477587 0.0924286
3 0.813361 0.436141 0.0597704 0.0950803
3 0.74886 0.458176 0.0702157 0.123417
3 0.657643 0.42759 0.0481243 0.0872073
3 0.317602 0.387133 0.0208713 0.0327969
3 0.240264 0.960269 0.109246 0.07426
3 0.363809 0.388566 0.0229304 0.0379457
3 0.329287 0.424118 0.0215201 0.036118
3 0.629132 0.506163 0.023107 0.0455362
4 0.256798 0.466888 0.0152981 0.011649
3 0.722662 0.513091 0.0351841 0.0750378
5 0.638507 0.3412 0.00929737 0.058477
5 0.661361 0.33946 0.00947704 0.0601958
5 0.870248 0.338414 0.0112972 0.0670716
5 0.785643 0.338755 0.00932636 0.0724806
3 0.627942 0.503933 0.0276863 0.0544335
6 0.652365 0.492137 0.0273819 0.0522971
5 0.857423 0.336756 0.0131939 0.067801
5 0.810743 0.337521 0.00823784 0.0507659
5 0.640317 0.34299 0.0100855 0.0565204
5 0.725693 0.335397 0.0131037 0.0635608
4 0.174617 0.613438 0.0251614 0.025108
6 0.672278 0.497531 0.0213387 0.0499904
7 0.659035 0.593759 0.0410948 0.062927
5 0.844926 0.340016 0.00940475 0.0597873
5 0.785541 0.340298 0.0133217 0.0752683
6 0.649006 0.482431 0.0242628 0.0544295
5 0.712035 0.338989 0.00908267 0.0664685
7 0.821431 0.621968 0.0328236 0.037522
6 0.786713 0.492136 0.0217246 0.0406753
7 0.782989 0.573761 0.0219762 0.0423921
5 0.659602 0.340227 0.010363 0.0618869
5 0.854647 0.338948 0.0124752 0.0697449
6 0.829957 0.48924 0.0253647 0.0399825
3 0.303788 0.413866 0.0217954 0.0339121
