0 0.399198 0.899238 0.393602 0.201524
3 0.886552 0.2404 0.12556 0.200385
3 0.743559 0.384056 0.099919 0.163962
3 0.784549 0.219392 0.0864449 0.147659
6 0.763706 0.305057 0.0520966 0.0928354
3 0.928374 0.36744 0.0744507 0.159335
4 0.736791 0.582577 0.0490259 0.0841938
7 0.809854 0.428431 0.0307091 0.0710395
7 0.756746 0.477219 0.0470285 0.0752814
5 0.979662 0.0588119 0.015649 0.0880742
6 0.824755 0.301206 0.0232849 0.0608539
6 0.827731 0.314144 0.0290766 0.086078
5 0.804227 0.0697402 0.0146954 0.105041
3 0.960919 0.182926 0.0382347 0.0819902
3 0.992352 0.250764 0.013998 0.0501098
