3 0.0723264 0.804324 0.0935138 0.129551
3 0.341447 0.601625 0.0390875 0.0693312
3 0.946534 0.584407 0.0977596 0.141734
3 0.735049 0.587858 0.0772461 0.127064
3 0.692636 0.443326 0.0609476 0.105722
3 0.897516 0.483313 0.104312 0.151004
6 0.851987 0.549271 0.046674 0.0599716
3 0.360374 0.257797 0.0297989 0.052155
3 0.752336 0.519277 0.0556974 0.0820583
7 0.758762 0.663478 0.0294229 0.0528154
6 0.691164 0.502003 0.0409672 0.0528321
3 0.994609 0.48848 0.0106529 0.0374562
0 0.499968 0.845312 0.162928 0.186358
5 0.883665 0.332284 0.0156178 0.0823867
4 0.278161 0.638716 0.0336168 0.0283108
5 0.953685 0.330918 0.0183079 0.0818963
6 0.766055 0.526674 0.0310188 0.0750181
7 0.684625 0.600572 0.031241 0.0576109
6 0.933126 0.544264 0.0753437 0.0716086
5 0.904591 0.340524 0.00863495 0.0572762
7 0.686576 0.5767 0.0226082 0.033484
5 0.732608 0.347086 0.00924168 0.0507681
5 0.764278 0.332537 0.0123948 0.0641156
7 0.84299 0.686555 0.0430641 0.0408122
5 0.710739 0.344179 0.0101154 0.0603674
5 0.689077 0.340786 0.00780417 0.0558258
6 0.767006 0.536963 0.0288427 0.0563219
5 0.992751 0.332736 0.0121998 0.0669633
5 0.678624 0.339251 0.00927919 0.0554233
3 0.860565 0.433967 0.0540525 0.0880686
7 0.939853 0.663911 0.0576363 0.0473672
6 0.924336 0.549796 0.0589813 0.0626932
7 0.908189 0.688495 0.0531239 0.0351971
3 0.860874 0.419232 0.0516502 0.0585388
5 0.976006 0.334514 0.0122665 0.0660573
5 0.850648 0.343562 0.0128725 0.0560077
5 0.978373 0.334554 0.0111254 0.0679452
