3 0.271958 0.342523 0.108856 0.183841
3 0.249334 0.507661 0.0894769 0.146316
4 0.398465 0.42717 0.0452184 0.125567
4 0.283363 0.170895 0.0537992 0.156655
4 0.378865 0.706288 0.0858688 0.0593421
4 0.54929 0.416056 0.0666082 0.0661981
3 0.885947 0.238048 0.056304 0.0797958
7 0.248403 0.589866 0.0508035 0.0777615
3 0.765074 0.257544 0.0484781 0.0781224
4 0.197794 0.674041 0.0617523 0.0809594
3 0.839254 0.484024 0.0254604 0.0449148
7 0.518214 0.581537 0.0519157 0.0793147
6 0.302569 0.421237 0.0483515 0.0837094
4 0.455057 0.274398 0.0344669 0.101709
3 0.993019 0.228431 0.0130409 0.084841
5 0.221274 0.158016 0.0156686 0.0901991
3 0.750597 0.481949 0.0296041 0.0493115
4 0.544205 0.651257 0.0409782 0.118381
3 0.738683 0.437023 0.0270544 0.0482324
4 0.321334 0.213684 0.0298797 0.0943807
6 0.443194 0.44058 0.0269675 0.0596692
4 0.522117 0.627826 0.0276423 0.045637
5 0.504148 0.249856 0.00900764 0.068368
5 0.210891 0.210507 0.027526 0.116336
4 0.295427 0.597863 0.0725472 0.116921
5 0.403649 0.156369 0.0165872 0.138078
4 0.500907 0.43837 0.0323883 0.070646
7 0.443238 0.556315 0.0234918 0.0661001
5 0.485634 0.170163 0.0145755 0.120913
5 0.208193 0.199513 0.0176956 0.0901395
5 0.372197 0.263855 0.0113293 0.0824188
6 0.470866 0.431068 0.0295389 0.0737857
6 0.466443 0.443462 0.0236439 0.0684023
5 0.548062 0.202354 0.0138709 0.103275
5 0.503016 0.263924 0.0144202 0.0961233
4 0.489505 0.567636 0.027761 0.0508711
5 0.241218 0.209438 0.0124523 0.0635822
7 0.490126 0.566441 0.0290461 0.0546615
5 0.500121 0.272822 0.0215536 0.117504
6 0.237149 0.429092 0.057211 0.0791445
5 0.838611 0.387325 0.0125233 0.0480575
5 0.788395 0.382077 0.0113552 0.0521256
