3 0.813628 0.6491 0.216063 0.352301
3 0.226016 0.667836 0.230556 0.395607
5 0.932881 0.26899 0.0490746 0.231538
3 0.516939 0.827448 0.116065 0.277371
5 0.754829 0.296553 0.0278271 0.183172
5 0.270917 0.294935 0.0280095 0.182963
5 0.0975501 0.268481 0.0466756 0.251922
5 0.455737 0.305789 0.0210524 0.143987
4 0.395613 0.654631 0.0323706 0.0318661
5 0.566793 0.310494 0.0198487 0.146361
6 0.876497 0.868813 0.0558605 0.173185
6 0.701786 0.79892 0.0433887 0.127237
6 0.162662 0.902524 0.0760766 0.183537
