3 0.9664 0.808357 0.0671997 0.163746
3 0.844835 0.612915 0.0600437 0.0912903
4 0.979215 0.92982 0.0414383 0.118859
3 0.786205 0.535778 0.0385738 0.062971
0 0.499388 0.849306 0.165485 0.187559
3 0.410455 0.508739 0.0461812 0.0813858
3 0.48223 0.432183 0.0475611 0.0858704
3 0.537454 0.498061 0.0415199 0.0776793
3 0.405107 0.417172 0.041814 0.0701981
3 0.45697 0.479734 0.0320858 0.0625885
4 0.838824 0.686274 0.0197899 0.0648516
3 0.519799 0.415021 0.0355369 0.0656664
4 0.782264 0.589164 0.0138454 0.0484828
3 0.00981554 0.442207 0.0196311 0.0400016
6 0.422512 0.471555 0.0222218 0.0434242
5 0.536043 0.346805 0.00791473 0.0431246
5 0.410055 0.345303 0.00913372 0.0470317
4 0.00844233 0.558569 0.0162252 0.0129619
5 0.389931 0.34606 0.00911341 0.0476978
5 0.511861 0.348126 0.00765619 0.046009
7 0.424442 0.554769 0.0233393 0.0373734
6 0.399741 0.459677 0.0204734 0.0335773
4 0.781599 0.588768 0.018944 0.0510995
5 0.504167 0.345671 0.00887375 0.0449543
5 0.408557 0.346472 0.00894022 0.0445355
