3 0.915686 0.497508 0.167841 0.355532
3 0.786787 0.286989 0.145429 0.247737
1 0.611771 0.1337 0.103966 0.224448
3 0.186555 0.0258256 0.035166 0.0493738
3 0.983121 0.0766091 0.0337572 0.150604
0 0.463196 0.332967 0.22294 0.538739
3 0.00769143 0.0170742 0.0153728 0.0334194
0 0.351776 0.7514 0.354315 0.48355
4 0.662853 0.643875 0.0723394 0.166283
7 0.0151604 0.0548395 0.0296129 0.0418141
7 0.0437918 0.0578271 0.0273567 0.0421501
6 0.737987 0.148483 0.0436467 0.0902799
6 0.73093 0.39666 0.0379736 0.0914554
