3 0.895909 0.562669 0.0387161 0.0545422
3 0.0294684 0.452617 0.0589113 0.113217
3 0.952764 0.498026 0.0539371 0.081774
3 0.0369219 0.535261 0.0731595 0.0923043
0 0.500294 0.847128 0.161819 0.189097
7 0.0111797 0.619915 0.0218549 0.0434664
6 0.959725 0.466709 0.0310204 0.0402434
6 0.0375549 0.502662 0.0401825 0.0433865
5 0.0439316 0.344985 0.0174228 0.0649952
5 0.0393946 0.345845 0.0127605 0.0655179
7 0.0476979 0.609927 0.0403962 0.0545187
5 0.0243935 0.344089 0.013336 0.0554053
7 0.0451324 0.603094 0.0387934 0.0526179
7 0.0384669 0.615824 0.0289612 0.0465196
5 0.0463345 0.348686 0.020094 0.0716016
4 0.309071 0.558751 0.0232292 0.0174893
