0 0.494641 0.746555 0.162644 0.376093
3 0.0716706 0.486772 0.113968 0.15381
3 0.226435 0.576786 0.075411 0.121416
3 0.220157 0.442663 0.0667724 0.105819
3 0.43708 0.49398 0.0189365 0.0340405
3 0.623795 0.427599 0.0235078 0.0387427
3 0.136766 0.541096 0.056157 0.108663
3 0.0135971 0.457416 0.0271486 0.129041
3 0.587563 0.392089 0.0223621 0.037498
3 0.567445 0.425743 0.018469 0.0376343
4 0.834345 0.642543 0.0235161 0.0388941
3 0.63707 0.388922 0.0155547 0.0317357
6 0.0351531 0.564542 0.0363679 0.0672411
4 0.814821 0.503906 0.0227009 0.0243433
3 0.609689 0.422572 0.0162011 0.0359238
4 0.783004 0.494243 0.0161913 0.0168328
6 0.237706 0.499827 0.02755 0.046775
5 0.212015 0.333901 0.0137649 0.0654934
5 0.241835 0.338819 0.0117753 0.0628548
7 0.00565747 0.721037 0.0110083 0.0292433
5 0.101908 0.334834 0.017857 0.0943528
