3 0.298146 0.623873 0.0822623 0.150609
3 0.139135 0.489937 0.107084 0.160111
7 0.131879 0.672661 0.051787 0.0644721
3 0.134394 0.6043 0.0875041 0.101934
3 0.369814 0.455356 0.0609385 0.124047
3 0.22728 0.444772 0.0544246 0.105931
3 0.986284 0.832345 0.0274323 0.148669
1 0.50144 0.724817 0.145394 0.408077
6 0.176217 0.569408 0.053801 0.0670779
5 0.137772 0.327165 0.0193512 0.0954897
5 0.377401 0.336801 0.0125681 0.0719571
5 0.256298 0.329422 0.0143187 0.101176
5 0.0869624 0.327641 0.0224808 0.0982936
5 0.121622 0.333954 0.0143698 0.0701439
6 0.362893 0.52594 0.037578 0.0604195
5 0.24562 0.344993 0.00927668 0.0683217
5 0.19579 0.337249 0.0119229 0.063827
5 0.326608 0.343482 0.0137057 0.0912902
6 0.122528 0.601047 0.0601752 0.100336
5 0.313999 0.342187 0.012735 0.0686167
7 0.176773 0.655594 0.0150246 0.0333883
6 0.259828 0.58064 0.0180994 0.0926868
7 0.134138 0.700427 0.0512555 0.0372216
