3 0.568263 0.425781 0.0460527 0.0856134
3 0.437282 0.425407 0.0457706 0.089128
4 0.709352 0.953829 0.0676418 0.0604931
3 0.350489 0.526676 0.0263446 0.0516343
3 0.499338 0.510778 0.0475719 0.0647231
3 0.559422 0.490731 0.0396057 0.0650239
3 0.505727 0.412569 0.0307136 0.0682459
3 0.450081 0.489188 0.0395771 0.0693868
5 0.4354 0.343253 0.00916138 0.0542652
5 0.479541 0.340696 0.00998726 0.0546048
5 0.519518 0.340798 0.00755253 0.0561156
5 0.422282 0.345143 0.00914221 0.0493139
4 0.310685 0.568888 0.0109534 0.0270038
