3 0.825184 0.721285 0.0670315 0.104531
0 0.514683 0.750901 0.188167 0.379464
3 0.125509 0.504034 0.0497561 0.0803301
3 0.0877575 0.437591 0.071108 0.0984968
3 0.0398231 0.421485 0.0374804 0.0814299
6 0.0656702 0.493697 0.0320313 0.0576728
4 0.259266 0.57359 0.0271827 0.0191628
3 0.00504806 0.547186 0.00999704 0.0963661
6 0.114934 0.4784 0.039823 0.0460819
7 0.0732414 0.585328 0.0269504 0.0414112
7 0.112111 0.56848 0.0250394 0.0438737
7 0.0356805 0.542749 0.0127258 0.0420568
6 0.109742 0.479321 0.0356237 0.0420252
7 0.079959 0.539072 0.00990011 0.0434859
