3 0.366128 0.440392 0.0602691 0.10352
3 0.265277 0.560788 0.0706645 0.114103
3 0.386086 0.512203 0.0441113 0.0791436
3 0.194614 0.441557 0.0665901 0.111803
3 0.323623 0.423062 0.0389956 0.0791182
4 0.800158 0.603657 0.0292999 0.0238388
4 0.83267 0.610411 0.0336422 0.0252018
5 0.38724 0.3444 0.00990086 0.0510369
5 0.355689 0.341967 0.00881043 0.0490757
6 0.349386 0.497031 0.0238775 0.0452624
6 0.203959 0.496203 0.0404822 0.0441758
3 0.254436 0.491931 0.0444082 0.05014
5 0.344762 0.344223 0.00708475 0.0393485
