3 0.407374 0.361814 0.148652 0.257888
4 0.262173 0.500954 0.126967 0.142774
7 0.462757 0.719933 0.0422761 0.0874032
6 0.462273 0.48255 0.0461358 0.0968918
6 0.671176 0.462608 0.068815 0.101723
3 0.320933 0.548245 0.0721248 0.202378
3 0.696989 0.336339 0.118998 0.19998
7 0.670966 0.604129 0.058736 0.0812182
7 0.587507 0.715195 0.0599445 0.0899607
5 0.444833 0.0921189 0.0209334 0.151199
3 0.984127 0.346128 0.0309711 0.0555621
3 0.563801 0.503207 0.0941923 0.175088
7 0.42941 0.574465 0.0374514 0.0988008
6 0.600755 0.48756 0.092432 0.149176
5 0.332262 0.0974066 0.0212146 0.13551
7 0.360894 0.703706 0.0513808 0.0827503
7 0.668288 0.687455 0.0637609 0.0860975
5 0.258488 0.105657 0.0234849 0.121679
5 0.74429 0.117487 0.0146898 0.110761
5 0.712639 0.11109 0.0176384 0.138111
3 0.876458 0.311225 0.0174393 0.0499707
5 0.624791 0.108984 0.0271813 0.158981
3 0.876736 0.241477 0.0182459 0.0652192
6 0.604094 0.401156 0.0263424 0.0884113
5 0.536871 0.132759 0.0160705 0.0973549
6 0.527339 0.388914 0.02523 0.0784714
5 0.413538 0.131382 0.0148342 0.0953126
7 0.318727 0.677455 0.038308 0.0566061
7 0.365247 0.608582 0.0212131 0.0652668
3 0.745004 0.243553 0.037871 0.0577438
6 0.356049 0.46706 0.0457701 0.0815284
5 0.619908 0.125553 0.0190774 0.125485
4 0.599356 0.488677 0.0889895 0.148786
6 0.31356 0.445843 0.0513656 0.102702
4 0.9829 0.398018 0.0117947 0.0436595
