3 0.90459 0.62163 0.190401 0.312915
3 0.61452 0.875653 0.16985 0.246639
3 0.477066 0.526136 0.10863 0.210188
6 0.489047 0.664408 0.068968 0.109267
3 0.683865 0.482943 0.0795516 0.157983
7 0.490504 0.877309 0.0718502 0.108181
3 0.010481 0.830298 0.0207859 0.133237
5 0.700916 0.275901 0.0316019 0.223011
5 0.454224 0.313176 0.0228904 0.13367
5 0.934338 0.274634 0.0646633 0.206028
3 0.548242 0.634282 0.0760241 0.15891
3 0.659357 0.603126 0.0353039 0.0720647
5 0.840417 0.322037 0.0194035 0.107337
5 0.983099 0.286713 0.0338018 0.169664
5 0.545984 0.293982 0.0260957 0.192804
5 0.513823 0.331643 0.0119614 0.093289
5 0.56544 0.334053 0.0125811 0.0878496
5 0.657509 0.329895 0.0130159 0.0779671
7 0.489518 0.787307 0.0606251 0.0999704
6 0.555315 0.731539 0.0403654 0.0726768
5 0.725414 0.328158 0.0133408 0.0852866
6 0.848829 0.778176 0.127581 0.12527
7 0.85898 0.849366 0.0512634 0.0813797
