3 0.644185 0.891134 0.117982 0.214464
0 0.498349 0.842633 0.160189 0.189586
3 0.567967 0.651218 0.0437628 0.0806764
3 0.197792 0.591884 0.0422255 0.0648612
3 0.363797 0.434661 0.0555142 0.0935481
3 0.448236 0.540425 0.054283 0.095724
3 0.519658 0.431123 0.0516699 0.091541
3 0.435303 0.420912 0.0339128 0.0735574
3 0.502483 0.498 0.0446968 0.0701071
3 0.373392 0.504619 0.0438967 0.0676539
7 0.38115 0.582854 0.0341596 0.0475128
5 0.422409 0.345549 0.011014 0.0615473
7 0.361553 0.561137 0.0247247 0.0363315
5 0.361472 0.342774 0.00820252 0.0501406
6 0.50296 0.491294 0.0407843 0.0615847
4 0.221163 0.512577 0.02207 0.0182549
7 0.362655 0.569201 0.0275827 0.0455834
5 0.522449 0.346738 0.0100226 0.0551192
5 0.471326 0.345222 0.0083992 0.0550827
5 0.521495 0.352196 0.0114695 0.0625432
5 0.535729 0.348912 0.0102245 0.0593801
5 0.343698 0.344096 0.0102628 0.05209
7 0.364255 0.562086 0.0296916 0.0445736
6 0.376502 0.499324 0.0371558 0.0581019
7 0.389928 0.550286 0.0143339 0.0271291
