3 0.407074 0.361774 0.149041 0.257426
4 0.261276 0.500579 0.126281 0.141193
6 0.462763 0.481609 0.0455419 0.0983319
7 0.462835 0.720321 0.0431263 0.0894577
6 0.671215 0.463342 0.0682444 0.101435
3 0.699138 0.331987 0.121652 0.203456
3 0.321084 0.548384 0.0715382 0.20474
7 0.670676 0.604886 0.0590324 0.0839584
3 0.563869 0.503176 0.094907 0.176118
7 0.588183 0.715136 0.0608034 0.0906157
5 0.332296 0.0966277 0.0217127 0.142949
3 0.9844 0.34545 0.0304295 0.0541532
5 0.445291 0.0927776 0.0203622 0.149074
7 0.668221 0.687975 0.0629379 0.0831348
6 0.602062 0.485921 0.0943989 0.146356
7 0.360788 0.703142 0.0511272 0.0826757
5 0.744594 0.117349 0.0142707 0.110989
5 0.258629 0.106025 0.0228705 0.121581
7 0.429465 0.572302 0.0388058 0.0977794
3 0.876436 0.240339 0.0194611 0.0660778
5 0.712676 0.109993 0.0178871 0.136952
5 0.625823 0.106246 0.025799 0.155445
6 0.604383 0.400808 0.0258566 0.0864461
5 0.53698 0.132627 0.0153929 0.0973693
7 0.318893 0.677424 0.0386019 0.055915
3 0.875753 0.309912 0.0184702 0.0477617
5 0.413426 0.129788 0.0152031 0.0930654
5 0.620957 0.111208 0.0193245 0.150678
6 0.527605 0.389466 0.0247347 0.080397
7 0.365435 0.609874 0.0205423 0.0646788
3 0.744594 0.24342 0.0378115 0.0559597
6 0.356244 0.468227 0.0448743 0.0838876
4 0.605493 0.485652 0.0980123 0.152537
5 0.618541 0.12691 0.0171727 0.118269
3 0.764234 0.298135 0.0207062 0.0456568
