3 0.0201579 0.583846 0.0403158 0.131664
3 0.233288 0.560567 0.0699633 0.112826
3 0.0930239 0.471742 0.0959629 0.138139
0 0.500115 0.750778 0.158592 0.372562
3 0.23956 0.436564 0.0611885 0.100172
3 0.361749 0.503935 0.0295094 0.0494606
3 0.164433 0.522485 0.047957 0.0909218
3 0.0289027 0.435703 0.056923 0.0969636
6 0.20996 0.515924 0.0334987 0.0580178
4 0.363777 0.547458 0.0128181 0.0411667
6 0.136887 0.534867 0.0228129 0.0638551
6 0.250937 0.485445 0.0282871 0.0434412
7 0.0915944 0.600559 0.0185455 0.0407557
7 0.214115 0.627178 0.0376325 0.056348
5 0.25368 0.344001 0.0144467 0.0667277
7 0.0734722 0.665055 0.0307551 0.0393884
6 0.0662395 0.540342 0.0325071 0.0614343
5 0.117954 0.338175 0.0146788 0.0796929
