0 0.500361 0.755916 0.1625 0.374169
3 0.864475 0.462278 0.0892057 0.144334
3 0.827329 0.637278 0.101205 0.15545
3 0.194869 0.766713 0.0740196 0.121656
3 0.591124 0.619918 0.0405478 0.0721916
3 0.421156 0.593109 0.036724 0.0648092
3 0.972834 0.562126 0.0537506 0.25554
3 0.651575 0.265292 0.0275053 0.049256
4 0.301505 0.679128 0.0318354 0.041055
5 0.812765 0.333511 0.0138344 0.0803527
5 0.838912 0.32969 0.0177032 0.0884258
7 0.8484 0.743239 0.0633816 0.0969449
5 0.97909 0.325588 0.0324635 0.134556
4 0.530895 0.576409 0.0238838 0.0190692
5 0.882144 0.336347 0.0130234 0.0680432
