3 0.525000 0.550926 0.031250 0.055556
3 0.864844 0.509259 0.031771 0.053704
3 0.742969 0.510648 0.050521 0.084259
3 0.609115 0.489815 0.039062 0.068519
3 0.663021 0.462500 0.038542 0.021296
3 0.694792 0.481944 0.030208 0.054630
7 0.617708 0.532407 0.030208 0.040741
7 0.644010 0.544444 0.009896 0.029630
7 0.681771 0.552778 0.012500 0.033333
7 0.723177 0.555093 0.030729 0.037963
7 0.738802 0.557407 0.014063 0.016667
7 0.640104 0.507407 0.013542 0.035185
7 0.675260 0.503241 0.003646 0.023148
7 0.705990 0.509722 0.005729 0.034259
6 0.725781 0.475926 0.031771 0.040741
6 0.752865 0.463889 0.021354 0.014815
6 0.615625 0.463889 0.027083 0.035185
6 0.646875 0.471296 0.012500 0.044444
6 0.684635 0.475926 0.013021 0.048148
4 0.858594 0.557407 0.011979 0.035185
