3 0.425909 0.418597 0.0409103 0.0809559
3 0.788902 0.735945 0.0633829 0.110608
3 0.31076 0.510004 0.0234273 0.043237
3 0.358493 0.497207 0.0411338 0.0795368
3 0.603297 0.491729 0.0230213 0.0446035
3 0.3317 0.413813 0.0382578 0.0690838
3 0.476182 0.504042 0.0173935 0.0403238
4 0.498738 0.794813 0.019799 0.0657072
3 0.456083 0.478891 0.0308631 0.0668878
3 0.371156 0.460239 0.0284387 0.0491824
4 0.601256 0.532633 0.0142786 0.0340525
6 0.329988 0.453382 0.0219745 0.038955
4 0.548705 0.519689 0.0134155 0.0223212
4 0.770169 0.675274 0.035359 0.0255655
5 0.44185 0.345126 0.00941133 0.0411357
5 0.462341 0.345886 0.0101282 0.0475515
5 0.321302 0.344991 0.00855913 0.0402452
6 0.454034 0.447378 0.0209621 0.0328495
5 0.363205 0.342631 0.00858555 0.0474079
6 0.408955 0.460831 0.0124855 0.0361853
7 0.339667 0.531025 0.0242358 0.0321926
5 0.335606 0.344123 0.00819543 0.0476936
7 0.373696 0.545081 0.0209238 0.0332772
5 0.413983 0.344917 0.00937109 0.0524209
5 0.379436 0.347019 0.00716791 0.0370416
7 0.337381 0.526007 0.024706 0.0359424
5 0.415747 0.344315 0.00933056 0.04413
5 0.334013 0.344457 0.00981464 0.0425346
7 0.413852 0.54088 0.0175194 0.0289624
