3 0.050260 0.654167 0.099479 0.167593
3 0.137500 0.464352 0.078125 0.125000
3 0.079167 0.553241 0.080208 0.091667
3 0.256250 0.536111 0.041667 0.064815
3 0.412760 0.532407 0.033854 0.059259
4 0.258854 0.585185 0.013542 0.046296
4 0.412760 0.582870 0.013021 0.041667
7 0.086458 0.712037 0.031250 0.066667
7 0.006250 0.741204 0.011458 0.037963
7 0.138281 0.662500 0.052604 0.076852
7 0.140104 0.634722 0.051042 0.063889
6 0.129948 0.539815 0.053646 0.075926
6 0.079167 0.553241 0.023958 0.049074
6 0.119531 0.534722 0.021354 0.030556
6 0.040625 0.517130 0.018750 0.047222
5 0.045573 0.346759 0.018229 0.075000
5 0.071094 0.339352 0.019271 0.106481
5 0.101302 0.343056 0.011979 0.067593
5 0.142708 0.343981 0.018750 0.089815
