3 0.345479 0.602584 0.0369782 0.0708851
3 0.855938 0.590955 0.0846092 0.134451
3 0.953232 0.45684 0.0803852 0.123203
3 0.740246 0.448791 0.0651134 0.114044
4 0.496836 0.795684 0.0251005 0.0680484
3 0.714759 0.52309 0.0463842 0.091572
3 0.789253 0.431073 0.0409615 0.0889313
5 0.71943 0.340359 0.0124958 0.0660744
6 0.93538 0.52613 0.0522076 0.0592514
5 0.974371 0.340487 0.0171761 0.0896334
7 0.817767 0.641756 0.0236458 0.0505491
4 0.524806 0.541187 0.0175212 0.0182419
4 0.303916 0.629945 0.0325352 0.0243643
7 0.751048 0.61869 0.0301874 0.0553473
5 0.75137 0.34164 0.0130377 0.0694357
5 0.913241 0.335804 0.0166306 0.0875681
5 0.841365 0.350118 0.0208687 0.108815
7 0.717179 0.592094 0.0364581 0.0677248
4 0.498291 0.571393 0.0217056 0.0277104
3 0.873794 0.517131 0.0491016 0.0587739
5 0.842681 0.338764 0.0168209 0.0860527
5 0.767307 0.34679 0.00932522 0.0620357
5 0.809823 0.346717 0.0119427 0.0638155
5 0.88031 0.343358 0.0107067 0.0596581
7 0.927884 0.629995 0.0494427 0.0477021
6 0.822362 0.533575 0.0334076 0.0660302
5 0.926589 0.3409 0.0129528 0.0642951
5 0.708232 0.342644 0.0105827 0.0634738
5 0.838218 0.358551 0.0278389 0.124198
3 0.758041 0.542717 0.0212063 0.0482992
