3 0.740837 0.500706 0.117832 0.156715
5 0.677382 0.256645 0.0362803 0.278565
3 0.823827 0.753832 0.349418 0.492335
3 0.602234 0.804558 0.125544 0.279744
3 0.404468 0.442027 0.0157015 0.028496
3 0.460575 0.431806 0.0212964 0.0376092
3 0.458224 0.390432 0.0206584 0.0344928
3 0.493952 0.393353 0.0221558 0.0375534
5 0.577972 0.302245 0.0247526 0.160583
5 0.60133 0.31479 0.0214706 0.128938
5 0.935663 0.32329 0.0244167 0.121708
5 0.77096 0.325859 0.0167177 0.10464
7 0.595873 0.956185 0.0628675 0.0876309
6 0.612416 0.737167 0.0752174 0.134647
6 0.623713 0.651968 0.056986 0.0904183
3 0.485058 0.422633 0.0175879 0.0284619
5 0.976463 0.243794 0.0469854 0.487588
3 0.539943 0.434702 0.0179221 0.0214766
3 0.514036 0.389775 0.0130886 0.0337055
0 0.541916 0.760951 0.24219 0.359589
4 0.00873515 0.663998 0.017192 0.0212024
