3 0.407172 0.362193 0.149784 0.258419
3 0.637522 0.609992 0.143083 0.226525
4 0.253093 0.504425 0.127423 0.128346
4 0.893486 0.8726 0.0723011 0.202467
7 0.462423 0.719518 0.0437674 0.0923277
3 0.319838 0.558607 0.0768996 0.191957
3 0.698386 0.336183 0.117365 0.200744
7 0.589669 0.715712 0.0568468 0.0865509
6 0.462085 0.479876 0.0457365 0.0968738
3 0.983964 0.345535 0.0311878 0.0554198
6 0.593695 0.477872 0.0532984 0.0953113
3 0.569417 0.5005 0.105035 0.17237
5 0.332205 0.0960054 0.0222996 0.138141
7 0.361235 0.705858 0.050487 0.0828189
5 0.444999 0.0923969 0.0205667 0.147801
3 0.87535 0.241111 0.0196791 0.072506
3 0.874688 0.31021 0.0197954 0.0510048
7 0.429751 0.573142 0.038604 0.10036
5 0.712766 0.110768 0.0183441 0.136774
5 0.257935 0.106153 0.0247905 0.123028
5 0.744646 0.118202 0.0141583 0.111224
5 0.624552 0.109255 0.0259107 0.159353
5 0.536997 0.133093 0.016492 0.0980244
6 0.605733 0.396531 0.0245907 0.0803575
7 0.315334 0.672933 0.0391942 0.057901
6 0.527635 0.389513 0.0241261 0.0790439
5 0.412754 0.126952 0.0133682 0.0946483
3 0.745077 0.24297 0.038447 0.0572983
6 0.686938 0.44302 0.0530189 0.0631741
7 0.365468 0.609013 0.0210714 0.0725013
6 0.357007 0.465847 0.0487142 0.0909166
3 0.765273 0.300218 0.0232126 0.0478135
