3 0.814345 0.651556 0.219758 0.362029
3 0.227176 0.668305 0.229231 0.396904
3 0.519243 0.82839 0.116743 0.276337
5 0.934673 0.269816 0.0490192 0.234618
5 0.27216 0.295581 0.0264555 0.181889
5 0.756459 0.294957 0.0280977 0.179253
5 0.099082 0.268283 0.0466334 0.25133
5 0.457595 0.306294 0.0195727 0.144755
4 0.3956 0.654433 0.0324542 0.0315987
5 0.568051 0.30918 0.0192154 0.149618
6 0.164074 0.903514 0.0771684 0.183642
6 0.877474 0.868472 0.0542038 0.171398
6 0.703556 0.801006 0.0426756 0.126702
6 0.335475 0.820835 0.0434966 0.123165
