0 0.499085 0.834905 0.145194 0.185823
3 0.959193 0.594858 0.0809971 0.13834
3 0.837753 0.449347 0.0723965 0.115207
3 0.180538 0.403578 0.0640633 0.110119
3 0.662929 0.443602 0.014587 0.0343601
4 0.301422 0.964777 0.0710911 0.0643605
3 0.706981 0.38348 0.0198917 0.0314208
3 0.704695 0.415105 0.0150188 0.035774
3 0.516935 0.563858 0.031761 0.0623162
3 0.972621 0.511516 0.0537788 0.0536846
3 0.73974 0.387208 0.0209208 0.0367613
5 0.856827 0.343062 0.0201958 0.0834721
5 0.895842 0.346495 0.0126696 0.0617803
5 0.854321 0.341836 0.0140097 0.0814746
3 0.882645 0.426483 0.0375641 0.0847775
3 0.726302 0.413161 0.0208632 0.0348964
5 0.811645 0.342196 0.0130148 0.0731391
7 0.923281 0.64459 0.0312901 0.0470018
7 0.852351 0.621706 0.0329697 0.0584116
6 0.857065 0.509353 0.034214 0.0627407
5 0.976635 0.345403 0.0129406 0.0736589
5 0.793802 0.341489 0.00954615 0.0611226
7 0.802263 0.586834 0.0451395 0.0785548
4 0.537462 0.520454 0.0198423 0.0285875
