3 0.426823 0.704637 0.039062 0.090726
3 0.687760 0.333669 0.035937 0.068548
3 0.163542 0.534274 0.141667 0.245968
3 0.053646 0.703125 0.106250 0.192540
3 0.038021 0.929940 0.075000 0.140121
4 0.503906 0.798891 0.020313 0.059476
1 0.507031 0.839718 0.145313 0.187500
7 0.162760 0.919355 0.077604 0.161290
7 0.171094 0.825605 0.071354 0.139113
5 0.173698 0.317036 0.021354 0.158266
5 0.106250 0.339718 0.026042 0.149194
5 0.019792 0.303931 0.038542 0.281250
6 0.026562 0.599294 0.025000 0.083669
6 0.149740 0.702117 0.069271 0.132056
6 0.047917 0.802419 0.055208 0.133065
4 0.252865 0.612399 0.020313 0.043347
4 0.225521 0.597278 0.012500 0.059476
