4 0.257031 0.495833 0.117188 0.152778
4 0.604688 0.486111 0.100000 0.155556
3 0.408594 0.361111 0.145313 0.277778
3 0.700781 0.312500 0.132812 0.213889
3 0.985156 0.340278 0.029687 0.069444
3 0.876563 0.243056 0.025000 0.063889
3 0.878906 0.313889 0.023438 0.050000
3 0.325000 0.543056 0.068750 0.202778
7 0.462500 0.723611 0.056250 0.086111
7 0.361719 0.715278 0.060937 0.097222
7 0.589063 0.719444 0.071875 0.100000
7 0.665625 0.686111 0.065625 0.077778
7 0.671875 0.601389 0.059375 0.075000
7 0.435156 0.590278 0.042188 0.108333
7 0.375781 0.629167 0.032813 0.091667
7 0.321094 0.686111 0.042188 0.066667
5 0.534375 0.148611 0.015625 0.136111
5 0.626563 0.122222 0.021875 0.177778
5 0.714063 0.120833 0.018750 0.152778
5 0.744531 0.127778 0.010937 0.111111
5 0.414844 0.137500 0.023438 0.102778
5 0.335156 0.108333 0.029687 0.150000
5 0.260156 0.113889 0.029687 0.122222
3 0.551562 0.497222 0.068750 0.166667
6 0.465625 0.493056 0.050000 0.086111
6 0.669531 0.473611 0.067187 0.113889
