0 0.505469 0.662500 0.317188 0.275000
4 0.557031 0.384722 0.073438 0.075000
4 0.978906 0.358333 0.026562 0.072222
3 0.582812 0.090278 0.084375 0.147222
3 0.634375 0.254167 0.103125 0.180556
3 0.976562 0.256944 0.046875 0.108333
3 0.885156 0.237500 0.104688 0.152778
3 0.818750 0.084722 0.112500 0.163889
3 0.751563 0.238889 0.050000 0.094444
7 0.578906 0.287500 0.032813 0.069444
7 0.668750 0.347222 0.040625 0.077778
7 0.760156 0.356944 0.035937 0.080556
7 0.883594 0.329167 0.070312 0.086111
7 0.771875 0.270833 0.025000 0.069444
6 0.880469 0.154167 0.076563 0.086111
6 0.568750 0.145833 0.037500 0.052778
6 0.592187 0.141667 0.025000 0.050000
6 0.675000 0.165278 0.037500 0.075000
