3 0.277677 0.425353 0.0494489 0.0866558
3 0.356612 0.503994 0.042471 0.0820832
3 0.453837 0.497354 0.0208542 0.0401174
3 0.263635 0.490146 0.0378947 0.0740527
3 0.396123 0.414013 0.0384978 0.0734711
3 0.312485 0.409737 0.0329733 0.0661915
3 0.14167 0.435381 0.0181723 0.0259312
3 0.533908 0.768806 0.0719117 0.149798
3 0.197805 0.383663 0.0197087 0.0293247
3 0.0924616 0.970196 0.128092 0.0542345
3 0.231862 0.384826 0.0200274 0.0338506
3 0.202756 0.41631 0.0164562 0.0361925
5 0.28216 0.341259 0.00838518 0.0516223
5 0.320847 0.343392 0.00705881 0.0473734
1 0.50048 0.877873 0.144327 0.116318
5 0.29524 0.346484 0.00705309 0.0474002
5 0.367195 0.344912 0.00713558 0.0424906
5 0.336778 0.342639 0.00786381 0.0546501
6 0.29459 0.471108 0.0207358 0.0405736
1 0.501744 0.728603 0.145481 0.412603
5 0.258049 0.340127 0.0105521 0.049219
4 0.489046 0.789034 0.0163572 0.0745359
4 0.14383 0.458465 0.00840573 0.0186878
5 0.403038 0.34559 0.00855989 0.0466375
7 0.263501 0.534083 0.0300893 0.0355461
7 0.26549 0.538671 0.0317306 0.0353979
5 0.385653 0.34611 0.00862875 0.0491258
7 0.393984 0.522698 0.0222745 0.034764
1 0.500382 0.836739 0.144941 0.193892
5 0.259041 0.341358 0.0103509 0.0599599
5 0.363498 0.345667 0.00767183 0.0519406
5 0.320565 0.335347 0.00642061 0.0609088
5 0.246901 0.342213 0.00965533 0.0443329
5 0.383551 0.345429 0.00892194 0.0446213
3 0.230537 0.4133 0.0144624 0.0302261
7 0.298517 0.549205 0.0230764 0.0352281
7 0.332399 0.55033 0.0119122 0.0423308
6 0.333696 0.4619 0.0127818 0.0559158
