0 0.499817 0.84455 0.163358 0.185033
3 0.609686 0.627457 0.0421195 0.0752358
3 0.514536 0.536034 0.0554962 0.0967413
3 0.186042 0.440506 0.0184023 0.0276203
3 0.548875 0.429821 0.0473757 0.0835903
3 0.419703 0.439788 0.0611327 0.107115
3 0.386396 0.515356 0.0523574 0.0898314
3 0.287853 0.388273 0.022119 0.0335336
3 0.247754 0.386515 0.0174337 0.0294522
3 0.311703 0.418266 0.0172102 0.0327438
3 0.504949 0.48346 0.0404758 0.0593624
3 0.275215 0.417226 0.017657 0.0336034
3 0.254837 0.422067 0.0206585 0.0321938
6 0.441476 0.500786 0.0240438 0.059896
5 0.562383 0.346229 0.0104571 0.0544524
5 0.393308 0.343725 0.0101208 0.0551904
7 0.386753 0.565183 0.0293886 0.0415506
3 0.328687 0.430856 0.0121559 0.0236371
5 0.37008 0.344842 0.0109486 0.0541994
5 0.53932 0.346318 0.00927944 0.0572336
5 0.431745 0.345649 0.00891809 0.060839
6 0.49625 0.488729 0.0250481 0.0572599
5 0.411728 0.346998 0.00811176 0.0505183
5 0.492305 0.349 0.00955582 0.0437816
7 0.393525 0.567362 0.0299709 0.0486555
6 0.550133 0.473585 0.0262732 0.0378794
5 0.559269 0.346507 0.0101756 0.0511702
7 0.442002 0.590928 0.0237001 0.0387421
4 0.91443 0.650449 0.0120934 0.0156762
5 0.521502 0.349585 0.00951099 0.0433531
5 0.503097 0.343098 0.00994034 0.0546026
6 0.388337 0.477033 0.0333892 0.0468743
7 0.404236 0.579391 0.0256003 0.0450085
3 0.498122 0.486367 0.0286451 0.0564019
5 0.389769 0.344502 0.00878572 0.0560893
