4 0.196875 0.672222 0.062500 0.077778
4 0.293750 0.601389 0.078125 0.113889
4 0.376563 0.705556 0.087500 0.066667
4 0.475000 0.597222 0.056250 0.111111
4 0.280469 0.169444 0.054688 0.155556
4 0.319531 0.213889 0.032813 0.088889
4 0.318750 0.440278 0.034375 0.086111
4 0.396875 0.427778 0.043750 0.127778
4 0.546875 0.413889 0.071875 0.066667
4 0.494531 0.431944 0.039062 0.063889
4 0.453125 0.272222 0.034375 0.105556
4 0.542188 0.647222 0.040625 0.122222
4 0.517969 0.622222 0.035937 0.050000
3 0.270313 0.344444 0.106250 0.172222
3 0.250000 0.509722 0.090625 0.147222
3 0.764844 0.259722 0.051562 0.080556
3 0.883594 0.241667 0.060937 0.077778
3 0.736719 0.436111 0.029687 0.055556
3 0.750000 0.483333 0.028125 0.044444
3 0.839844 0.487500 0.029687 0.052778
3 0.991406 0.227778 0.017188 0.077778
5 0.207813 0.201389 0.015625 0.091667
5 0.221875 0.158333 0.015625 0.094444
5 0.239844 0.215278 0.010937 0.052778
5 0.371094 0.255556 0.017188 0.077778
5 0.403906 0.152778 0.017188 0.133333
5 0.485938 0.173611 0.018750 0.130556
5 0.546875 0.212500 0.015625 0.119444
5 0.503906 0.252778 0.010937 0.077778
5 0.825000 0.377778 0.009375 0.038889
5 0.785937 0.379167 0.009375 0.041667
5 0.849219 0.381944 0.007812 0.036111
5 0.759375 0.381944 0.009375 0.036111
5 0.725781 0.384722 0.007812 0.030556
5 0.735156 0.388889 0.007812 0.038889
7 0.247656 0.593056 0.054688 0.080556
7 0.391406 0.602778 0.029687 0.077778
7 0.516406 0.581944 0.064062 0.080556
7 0.316406 0.555556 0.010937 0.050000
7 0.441406 0.556944 0.020313 0.069444
6 0.235937 0.429167 0.056250 0.080556
6 0.300781 0.418056 0.051562 0.091667
6 0.442188 0.441667 0.021875 0.066667
6 0.468750 0.441667 0.021875 0.077778
6 0.738281 0.455556 0.017188 0.022222
6 0.835938 0.455556 0.015625 0.027778
6 0.844531 0.450000 0.014063 0.022222
7 0.733594 0.502778 0.017188 0.027778
7 0.840625 0.513889 0.021875 0.038889
