3 0.403906 0.359722 0.145313 0.258333
3 0.321094 0.555556 0.073438 0.200000
3 0.556250 0.502778 0.078125 0.172222
3 0.635156 0.602778 0.135937 0.244444
3 0.700781 0.330556 0.110937 0.211111
3 0.743750 0.241667 0.040625 0.061111
3 0.864844 0.244444 0.042188 0.077778
3 0.869531 0.315278 0.029687 0.063889
3 0.983594 0.344444 0.032813 0.055556
4 0.252344 0.520833 0.135937 0.136111
4 0.876563 0.852778 0.065625 0.183333
4 0.982031 0.398611 0.014063 0.047222
7 0.357812 0.702778 0.053125 0.094444
7 0.459375 0.722222 0.046875 0.088889
7 0.591406 0.716667 0.057813 0.094444
7 0.716406 0.625000 0.023438 0.061111
7 0.425000 0.577778 0.034375 0.111111
7 0.365625 0.612500 0.025000 0.080556
7 0.323437 0.687500 0.031250 0.052778
6 0.458594 0.484722 0.042188 0.108333
6 0.353125 0.465278 0.053125 0.097222
6 0.595313 0.475000 0.062500 0.088889
6 0.682813 0.444444 0.046875 0.061111
6 0.528906 0.388889 0.029687 0.083333
6 0.608594 0.400000 0.023438 0.088889
5 0.254688 0.115278 0.015625 0.147222
5 0.265625 0.112500 0.012500 0.108333
5 0.332813 0.102778 0.025000 0.150000
5 0.413281 0.137500 0.020313 0.119444
5 0.446875 0.101389 0.018750 0.163889
5 0.536719 0.138889 0.014063 0.116667
5 0.625781 0.111111 0.017188 0.172222
5 0.742969 0.120833 0.014063 0.136111
5 0.712500 0.112500 0.018750 0.147222
