0 0.498698 0.851389 0.164062 0.187963
4 0.321354 0.762500 0.046875 0.067593
4 0.275260 0.815741 0.040104 0.083333
4 0.964323 0.556481 0.032813 0.024074
3 0.888281 0.568519 0.041146 0.061111
3 0.696875 0.505556 0.020833 0.050000
3 0.733073 0.441667 0.026562 0.048148
3 0.731771 0.396296 0.029167 0.044444
3 0.782292 0.401852 0.030208 0.057407
3 0.764844 0.430556 0.009896 0.040741
3 0.810677 0.399074 0.024479 0.044444
3 0.820833 0.444907 0.030208 0.056481
7 0.814844 0.468981 0.018229 0.030556
7 0.790104 0.472222 0.008333 0.037037
7 0.766667 0.469444 0.009375 0.025926
6 0.828125 0.413426 0.017708 0.015741
5 0.735156 0.384722 0.011979 0.023148
