3 0.685001 0.568997 0.157508 0.260663
3 0.372468 0.634724 0.0439066 0.0764635
3 0.894689 0.508157 0.136564 0.180555
7 0.66644 0.877629 0.080066 0.113503
6 0.714002 0.747393 0.104219 0.144311
5 0.681431 0.299411 0.0265202 0.166431
5 0.642507 0.315184 0.0202461 0.137767
5 0.730688 0.33161 0.0155638 0.0983881
5 0.848141 0.328719 0.0183262 0.0906688
3 0.929197 0.946586 0.141605 0.106828
5 0.964407 0.23634 0.0632225 0.23099
6 0.736659 0.750464 0.06633 0.139517
3 0.716462 0.743909 0.107892 0.164318
6 0.683336 0.775868 0.0438548 0.109769
