3 0.074219 0.799899 0.111979 0.162298
3 0.607812 0.823589 0.084375 0.056452
3 0.741927 0.731351 0.077604 0.132056
1 0.496354 0.809980 0.132292 0.130040
4 0.498437 0.795867 0.020833 0.071573
4 0.081771 0.894657 0.043750 0.045363
4 0.727083 0.809980 0.009375 0.051411
3 0.440104 0.489919 0.036458 0.072581
3 0.487240 0.473790 0.027604 0.052419
3 0.393750 0.470766 0.028125 0.054435
3 0.385417 0.415323 0.034375 0.068548
3 0.489844 0.413306 0.031771 0.062500
3 0.440104 0.405242 0.019792 0.060484
3 0.419792 0.411290 0.009375 0.032258
3 0.462760 0.408266 0.007812 0.034274
3 0.420573 0.377016 0.006771 0.020161
7 0.394531 0.513105 0.028646 0.034274
7 0.490625 0.506552 0.033333 0.047379
5 0.374219 0.352319 0.009896 0.041331
5 0.385156 0.354335 0.008854 0.051411
5 0.394792 0.349294 0.009375 0.043347
5 0.422135 0.346774 0.008854 0.038306
5 0.452604 0.344758 0.007292 0.036290
5 0.483854 0.350806 0.008333 0.038306
5 0.490625 0.345262 0.007292 0.033266
5 0.503906 0.350806 0.008854 0.048387
