3 0.638508 0.67715 0.0485232 0.0928686
3 0.656697 0.416926 0.0153787 0.0362372
3 0.967967 0.537636 0.0553463 0.0973454
3 0.606541 0.414959 0.0189133 0.0355142
3 0.897783 0.462539 0.0867718 0.130405
3 0.860649 0.422254 0.0489779 0.076867
3 0.602629 0.382445 0.0181246 0.0309847
3 0.444735 0.648975 0.0423607 0.0878678
3 0.548212 0.705251 0.0419973 0.0983273
7 0.915789 0.650442 0.0255833 0.0563941
6 0.823681 0.496204 0.0384789 0.0583198
3 0.813766 0.537588 0.0577105 0.105694
3 0.639793 0.38554 0.0209324 0.0346522
7 0.817867 0.595462 0.0386223 0.0531774
6 0.925987 0.531059 0.0241268 0.0651712
3 0.547446 0.427512 0.0122679 0.0287071
4 0.499402 0.798794 0.0200451 0.0727209
5 0.934868 0.336899 0.0143614 0.0915962
1 0.499515 0.838487 0.144523 0.189887
5 0.866077 0.341949 0.0128315 0.0765126
5 0.882395 0.345765 0.00952168 0.0579496
6 0.863821 0.514156 0.0246565 0.0629174
3 0.62206 0.414064 0.0154825 0.0351042
5 0.961782 0.345578 0.0113108 0.0641928
5 0.814235 0.342604 0.0115669 0.0667337
5 0.842085 0.345432 0.00914078 0.0647234
7 0.880031 0.576851 0.0172337 0.0423123
7 0.989264 0.67915 0.0213537 0.0406753
3 0.604752 0.377413 0.0218546 0.0274952
5 0.839035 0.345023 0.00897522 0.0651519
7 0.856597 0.625319 0.0203438 0.0455108
