3 0.614695 0.767679 0.0605036 0.119805
3 0.31512 0.723186 0.0564966 0.106992
3 0.631008 0.478626 0.03347 0.0665869
3 0.902624 0.613174 0.0489275 0.0760794
3 0.404093 0.935006 0.0902143 0.12737
3 0.678329 0.457979 0.0166203 0.0300932
3 0.528844 0.481009 0.0340302 0.0677292
4 0.152672 0.740116 0.0384059 0.0585893
3 0.307318 0.491573 0.0271935 0.0487784
3 0.840882 0.382061 0.0224585 0.0227008
3 0.561342 0.463406 0.0224358 0.0460547
3 0.895769 0.38188 0.0161694 0.0228891
3 0.403969 0.974118 0.0885244 0.0477577
5 0.607132 0.348824 0.0091753 0.0447268
5 0.533752 0.346454 0.00898377 0.0407223
5 0.516562 0.346315 0.010984 0.0379879
3 0.891989 0.379849 0.024053 0.0233183
5 0.640621 0.346123 0.010429 0.0438486
5 0.639383 0.345866 0.00857353 0.0539857
