3 0.621626 0.948891 0.0929565 0.101693
3 0.610646 0.409682 0.0372406 0.0613002
3 0.5527 0.466499 0.0332012 0.0609246
3 0.526775 0.403668 0.0281906 0.0513032
3 0.259594 0.281107 0.0268411 0.0356454
0 0.480974 0.877865 0.120981 0.117581
3 0.635453 0.460253 0.0285625 0.0513466
3 0.284767 0.541252 0.028058 0.0489144
3 0.757742 0.414622 0.0188412 0.0230977
3 0.223772 0.653506 0.0442532 0.0364861
3 0.605015 0.462011 0.0164881 0.0358926
4 0.201319 0.722102 0.0164639 0.0368398
4 0.246055 0.564763 0.021925 0.0237667
4 0.885932 0.468969 0.0140232 0.0160678
4 0.934293 0.537143 0.0153351 0.019987
5 0.638677 0.351795 0.00726147 0.041746
5 0.61962 0.353892 0.00674502 0.032634
4 0.868163 0.461055 0.0154041 0.0158086
5 0.641646 0.352047 0.00871976 0.0350499
