3 0.316888 0.867865 0.106318 0.18734
3 0.217821 0.660388 0.0666633 0.106669
0 0.499881 0.845711 0.163832 0.188947
3 0.804549 0.529786 0.0581308 0.0901722
3 0.773114 0.447516 0.0687973 0.111822
3 0.661157 0.538695 0.0578639 0.0974977
3 0.619669 0.430508 0.0484644 0.0864919
4 0.22276 0.744754 0.0216178 0.0742149
4 0.323577 0.976711 0.0348461 0.0465776
3 0.664258 0.47619 0.0400413 0.0472541
3 0.876059 0.424772 0.0168793 0.0367888
3 0.908917 0.391869 0.0257488 0.0384046
3 0.921584 0.425464 0.0205019 0.0395262
3 0.949813 0.432664 0.0263763 0.0400238
3 0.881894 0.390301 0.0241398 0.0374981
3 0.741322 0.420915 0.0393507 0.0723745
6 0.621873 0.47757 0.0295411 0.0446587
3 0.962755 0.392421 0.0242088 0.0373462
7 0.738328 0.603169 0.0301584 0.0372355
5 0.806888 0.34143 0.0121937 0.0598874
5 0.763823 0.344275 0.0100276 0.0587667
5 0.681418 0.34697 0.0111374 0.0597961
7 0.681998 0.593058 0.019754 0.0411306
6 0.744014 0.502493 0.0304762 0.0494736
4 0.518038 0.538175 0.0204714 0.0173791
3 0.851955 0.440891 0.0170462 0.0289708
7 0.621451 0.557204 0.0303685 0.0509683
5 0.830225 0.343013 0.00985374 0.056652
5 0.733657 0.347676 0.00805956 0.0459691
7 0.779267 0.600166 0.0330255 0.0326179
5 0.615335 0.34762 0.0087546 0.0478514
5 0.613598 0.347918 0.00900421 0.0490928
6 0.794036 0.494128 0.0414724 0.0475722
5 0.734997 0.34809 0.00804253 0.048063
5 0.6436 0.347022 0.00950718 0.0479355
6 0.680407 0.461542 0.0134342 0.0411776
5 0.766885 0.342164 0.013331 0.0597343
7 0.621241 0.544163 0.0261742 0.0347739
5 0.639311 0.34841 0.00792351 0.0502708
6 0.685181 0.499212 0.0184927 0.0410587
7 0.721783 0.537386 0.0139512 0.034793
