6 0.759681 0.817554 0.103189 0.116597
5 0.101078 0.288214 0.0413552 0.184348
3 0.620856 0.548615 0.128209 0.245185
5 0.837963 0.26878 0.044339 0.228556
3 0.201219 0.594575 0.180434 0.292639
5 0.684335 0.307881 0.0235277 0.148086
5 0.594205 0.316946 0.0184413 0.127565
5 0.22674 0.308246 0.0277837 0.145847
5 0.944155 0.226089 0.0758076 0.346297
3 0.428455 0.725973 0.0808338 0.216892
5 0.464595 0.318569 0.016645 0.111027
4 0.85688 0.730902 0.0221493 0.043496
5 0.376811 0.318605 0.0195717 0.118281
3 0.771618 0.931616 0.218201 0.133032
7 0.568418 0.861772 0.0477274 0.154137
7 0.278513 0.918062 0.060261 0.13043
3 0.512537 0.606739 0.035399 0.067168
