3 0.696999 0.540261 0.030007 0.0494182
0 0.499991 0.760254 0.162088 0.362131
3 0.979227 0.482909 0.0411661 0.155324
3 0.905057 0.561245 0.0331051 0.0557966
3 0.959343 0.564151 0.0765911 0.111089
4 0.639502 0.561535 0.0226329 0.0153685
5 0.952094 0.339811 0.0135672 0.0648648
7 0.962789 0.647547 0.064418 0.100321
4 0.8565 0.564944 0.0290813 0.019803
6 0.972494 0.529232 0.0524349 0.0754452
5 0.978711 0.336362 0.0192616 0.0747744
6 0.954367 0.50558 0.0307156 0.0433392
7 0.96878 0.657622 0.0528763 0.0810223
