3 0.897111 0.498013 0.119262 0.173204
3 0.373046 0.668822 0.0485989 0.0967412
3 0.723699 0.61071 0.079375 0.145013
3 0.960996 0.621037 0.0780071 0.145975
3 0.542616 0.581616 0.0305233 0.0627061
3 0.688945 0.450846 0.0632763 0.116667
4 0.504576 0.788486 0.0330609 0.081459
7 0.748819 0.698864 0.0342691 0.0611937
5 0.878551 0.327853 0.0185926 0.109717
7 0.835865 0.72928 0.04244 0.0448931
6 0.842845 0.58588 0.044305 0.081493
5 0.960271 0.320551 0.0242783 0.0973311
5 0.751875 0.332476 0.0132947 0.0919967
5 0.858383 0.339923 0.0105923 0.0664948
3 0.753263 0.539331 0.0485383 0.100747
7 0.674641 0.614348 0.0238216 0.0512677
5 0.733332 0.34345 0.0120144 0.0721145
5 0.915392 0.337738 0.0126411 0.0702422
5 0.673937 0.339075 0.0133984 0.0691335
5 0.990784 0.328209 0.0160774 0.0788901
5 0.698728 0.335905 0.0134079 0.0815309
6 0.927868 0.576507 0.0630743 0.0732689
6 0.753311 0.556585 0.0425968 0.072838
7 0.946362 0.710379 0.0680471 0.0623033
5 0.762931 0.355812 0.0392889 0.142219
7 0.679876 0.586119 0.0112562 0.0258429
