3 0.744132 0.511627 0.0488795 0.0887103
3 0.683252 0.431295 0.0524467 0.0939575
3 0.387726 0.561242 0.0306522 0.0584018
3 0.613146 0.41469 0.0393675 0.0710054
3 0.729577 0.41793 0.0444757 0.0738967
3 0.610108 0.501462 0.0421404 0.0834507
3 0.66156 0.482977 0.0320436 0.0653978
3 0.877989 0.499484 0.0252373 0.041859
4 0.352564 0.591473 0.0124421 0.052831
3 0.64528 0.526818 0.0234203 0.0452303
7 0.73047 0.562209 0.0307821 0.0386693
5 0.707398 0.339762 0.00800311 0.048234
5 0.614273 0.343561 0.00801468 0.0515264
7 0.621402 0.547848 0.0256934 0.0414265
5 0.765346 0.344274 0.0104034 0.0539213
5 0.664605 0.343445 0.00832723 0.0574092
3 0.691673 0.528035 0.0252174 0.0507787
5 0.68245 0.349704 0.00628319 0.0447989
6 0.739657 0.468634 0.0227724 0.0423401
6 0.623598 0.464414 0.0186337 0.0375119
5 0.753289 0.342496 0.00985298 0.051729
