3 0.630555 0.629 0.054272 0.0947561
3 0.473086 0.558549 0.0387579 0.0676766
3 0.114825 0.474281 0.103735 0.149788
4 0.627778 0.708375 0.0179588 0.0659583
3 0.379819 0.519088 0.0317533 0.0505658
0 0.498564 0.759208 0.166765 0.369051
6 0.0832372 0.560063 0.0386211 0.0711139
3 0.180662 0.563754 0.0643602 0.10911
4 0.491889 0.963041 0.0741024 0.0617664
4 0.380859 0.567957 0.0107555 0.0413456
7 0.0933888 0.703323 0.0393935 0.0635608
5 0.0831327 0.334409 0.0190486 0.0951831
5 0.185367 0.343308 0.012609 0.0703858
5 0.058924 0.339345 0.0127448 0.0579115
6 0.180051 0.627174 0.0425768 0.0647029
5 0.115734 0.341757 0.0113127 0.0599186
