3 0.552947 0.514585 0.0237871 0.0414466
3 0.95048 0.500057 0.0531919 0.075636
3 0.798957 0.492308 0.0455709 0.0735418
3 0.447269 0.565909 0.0315071 0.0543997
3 0.839352 0.474078 0.0312643 0.0615775
3 0.564011 0.287428 0.0201576 0.0347962
3 0.768148 0.523399 0.0270353 0.0477821
4 0.514167 0.53253 0.0182604 0.0137702
3 0.890958 0.443939 0.0544491 0.0479116
6 0.940564 0.474611 0.0344452 0.0326099
3 0.787176 0.429074 0.0382029 0.0273384
6 0.9063 0.471531 0.0226673 0.0309888
6 0.781571 0.438783 0.0248968 0.0244726
5 0.811683 0.344513 0.00884075 0.0443202
6 0.86623 0.464643 0.0153736 0.0283678
5 0.788403 0.346859 0.00673612 0.0409817
6 0.807262 0.465447 0.0303862 0.0396549
7 0.811078 0.536155 0.0250465 0.0344869
6 0.817178 0.454791 0.0132675 0.0320267
3 0.784962 0.434593 0.0324791 0.0312509
6 0.85766 0.440579 0.00831566 0.0362286
7 0.844743 0.547661 0.0108677 0.0389421
5 0.919356 0.350446 0.0129471 0.0520684
