3 0.325263 0.790246 0.0681028 0.1373
3 0.816838 0.564377 0.0706913 0.116209
3 0.530841 0.41326 0.0163992 0.0346933
3 0.711045 0.442569 0.0606929 0.105042
3 0.557362 0.384502 0.0171534 0.0338502
1 0.500804 0.830229 0.146282 0.194413
3 0.666033 0.512479 0.0502441 0.0936861
3 0.862121 0.439448 0.0601902 0.102042
3 0.787494 0.501909 0.0473707 0.0702382
3 0.576674 0.417434 0.0190378 0.0324663
5 0.688411 0.341743 0.0114126 0.0669822
5 0.88613 0.341153 0.0109379 0.0701067
6 0.730738 0.504332 0.0217281 0.0560614
7 0.727562 0.607955 0.0210226 0.0404875
5 0.815874 0.340659 0.0126816 0.066933
6 0.669574 0.479194 0.0267242 0.052242
6 0.671607 0.482223 0.0369111 0.0542952
5 0.860833 0.33918 0.0101051 0.0698119
7 0.664309 0.568973 0.0320848 0.0493318
4 0.500378 0.792313 0.0182169 0.0615639
3 0.528383 0.382576 0.0183097 0.0300383
7 0.787304 0.618786 0.0305815 0.041332
5 0.736215 0.342418 0.0115114 0.0593254
5 0.869984 0.340088 0.00865612 0.0647254
6 0.789135 0.502611 0.0470784 0.0649966
5 0.780918 0.344759 0.0112265 0.0536451
5 0.86642 0.34265 0.0129711 0.0706476
5 0.660304 0.343956 0.0103605 0.0573077
3 0.478809 0.42361 0.00956678 0.0239178
7 0.722852 0.541148 0.0128726 0.0468349
5 0.861463 0.340786 0.014588 0.0720289
6 0.858614 0.492562 0.0374269 0.03839
7 0.677165 0.582067 0.0356453 0.0595272
