3 0.678903 0.640974 0.0426445 0.0804527
3 0.344416 0.532471 0.0535332 0.0978418
3 0.42478 0.441142 0.0531262 0.0959726
3 0.112594 0.496698 0.024175 0.0400396
3 0.340097 0.425088 0.0461523 0.0883456
3 0.461697 0.417014 0.0376832 0.0674122
4 0.50513 0.787191 0.0274961 0.0768927
3 0.396507 0.490865 0.0322225 0.0703287
4 0.724283 0.619649 0.0190254 0.0327337
4 0.643051 0.56263 0.0186957 0.0188534
7 0.360789 0.585576 0.0300929 0.042038
5 0.340781 0.340249 0.00973568 0.0570096
6 0.359425 0.494077 0.0252583 0.044962
5 0.44629 0.340042 0.00831413 0.060952
6 0.331129 0.467791 0.0241276 0.0345014
5 0.32048 0.337941 0.0092145 0.0525936
5 0.48807 0.342265 0.00925598 0.0534684
5 0.478549 0.343351 0.00844688 0.0459161
