3 0.346773 0.582924 0.035139 0.0575051
3 0.539071 0.409747 0.0328436 0.0586589
3 0.243682 0.26782 0.0289743 0.046494
3 0.636481 0.417849 0.04306 0.0696219
3 0.663972 0.474397 0.0313121 0.0571113
3 0.569035 0.484105 0.0387289 0.0673923
3 0.687935 0.580066 0.0294001 0.0606661
3 0.784468 0.418208 0.0182623 0.0324819
3 0.790902 0.385745 0.0146915 0.0296241
3 0.729651 0.41401 0.0186934 0.0299673
3 0.753034 0.38574 0.0203871 0.0318051
3 0.161363 0.643941 0.0449794 0.061683
3 0.79053 0.383584 0.0191536 0.0304599
5 0.582337 0.35057 0.00838432 0.0406781
6 0.659957 0.448008 0.0207302 0.0234246
6 0.620915 0.455457 0.0156475 0.0372333
6 0.541742 0.442516 0.020881 0.026759
7 0.54369 0.506692 0.0226818 0.0327762
4 0.897672 0.463952 0.012904 0.0109183
5 0.556012 0.351011 0.00925102 0.038745
7 0.620426 0.525779 0.0176991 0.02662
0 0.499356 0.844353 0.162921 0.189017
5 0.636927 0.351296 0.00638714 0.0445969
5 0.671384 0.350604 0.00975717 0.0371584
5 0.613735 0.350199 0.00650635 0.0436223
5 0.644171 0.351451 0.00673599 0.0383591
5 0.619631 0.350132 0.00765228 0.0388765
6 0.555865 0.44703 0.0178247 0.0278728
