3 0.198202 0.499008 0.0499671 0.0762867
3 0.323206 0.47965 0.0374297 0.0624998
3 0.748415 0.299938 0.0200256 0.0345997
3 0.241204 0.470946 0.0260749 0.061183
4 0.154976 0.532927 0.0263001 0.0164898
3 0.178548 0.442408 0.0282497 0.0160636
3 0.199862 0.441629 0.0212253 0.020068
6 0.214412 0.467938 0.0203469 0.0347197
3 0.27143 0.444136 0.0443662 0.0361822
4 0.635936 0.470073 0.0141428 0.0141941
7 0.215263 0.538702 0.0252822 0.0337186
6 0.290134 0.457463 0.0197566 0.0412998
5 0.19476 0.345472 0.00848432 0.0406628
6 0.315876 0.449368 0.0196444 0.0204302
5 0.313979 0.350281 0.00746574 0.0449876
5 0.218619 0.351005 0.00744972 0.0388787
3 0.536167 0.384547 0.016263 0.0246077
