3 0.132933 0.49632 0.11078 0.172154
3 0.94402 0.551731 0.0371183 0.0576489
3 0.854392 0.556264 0.0352104 0.0563097
3 0.301156 0.630291 0.0841676 0.153221
3 0.22007 0.447277 0.0594955 0.11324
3 0.370542 0.453167 0.0623029 0.118926
3 0.128571 0.611437 0.0897474 0.11179
5 0.134502 0.327633 0.0205149 0.104417
5 0.327913 0.332883 0.0144431 0.0888829
5 0.0799864 0.331855 0.0257744 0.110719
6 0.364466 0.523729 0.0405537 0.0605815
5 0.25887 0.332531 0.0167099 0.108647
4 0.493059 0.78842 0.0304302 0.0819932
7 0.12608 0.683836 0.0534404 0.0668796
5 0.378645 0.336338 0.0111463 0.0737886
6 0.172878 0.576061 0.0547628 0.0704786
5 0.18813 0.337749 0.0125314 0.0692796
1 0.500864 0.804207 0.14435 0.24692
5 0.11304 0.339541 0.0136659 0.0808359
5 0.346933 0.342072 0.00945129 0.063362
3 0.323794 0.529147 0.0483464 0.0779995
5 0.240146 0.341464 0.0110634 0.0653021
1 0.501287 0.724576 0.142565 0.407606
7 0.131776 0.704259 0.05678 0.0517956
6 0.261717 0.575144 0.0216924 0.0795464
5 0.310108 0.342121 0.0110095 0.0647199
6 0.136209 0.579425 0.0310132 0.0389736
5 0.241638 0.346252 0.0117117 0.0701903
7 0.369113 0.625622 0.0359465 0.0669684
