3 0.813477 0.649509 0.216077 0.353189
3 0.22572 0.668181 0.230438 0.396553
5 0.932635 0.268802 0.048667 0.229926
3 0.515863 0.827438 0.115598 0.277426
5 0.754511 0.296664 0.0274319 0.184337
5 0.455771 0.30564 0.0210938 0.14343
5 0.270879 0.295355 0.027824 0.183725
5 0.0971388 0.268763 0.0469024 0.252261
4 0.395678 0.654422 0.0322388 0.0313005
6 0.701883 0.799213 0.043988 0.127823
5 0.566337 0.312231 0.0196638 0.155195
6 0.876294 0.868481 0.056382 0.172636
6 0.16287 0.902758 0.0761299 0.184996
6 0.33352 0.823301 0.0453837 0.123479
