3 0.826393 0.348575 0.122313 0.202642
3 0.973036 0.570814 0.0539274 0.218222
3 0.832834 0.515162 0.103459 0.162785
3 0.965324 0.333459 0.0693526 0.162846
7 0.853305 0.647432 0.0646473 0.100491
7 0.808538 0.618851 0.0587536 0.0891663
4 0.766161 0.708273 0.0616943 0.0867767
6 0.853021 0.442886 0.0654436 0.09704
7 0.868358 0.594294 0.0279528 0.0437235
5 0.823669 0.135496 0.0185474 0.13077
5 0.968987 0.114259 0.0214497 0.160663
7 0.955216 0.66288 0.0189999 0.0813326
5 0.784647 0.157095 0.0280386 0.133033
5 0.94145 0.169542 0.0169731 0.0947232
5 0.839753 0.1657 0.018618 0.0986292
5 0.780835 0.148946 0.0208622 0.12223
5 0.792672 0.160699 0.0148514 0.101234
0 0.655517 0.783184 0.174105 0.206241
5 0.789129 0.160347 0.0209864 0.121219
4 0.90459 0.570993 0.0201006 0.0358524
6 0.956549 0.445692 0.0247105 0.0960836
5 0.820392 0.143982 0.0203751 0.135386
5 0.837476 0.159225 0.0216473 0.117664
