3 0.0450489 0.896177 0.0900978 0.166157
3 0.871334 0.473446 0.0977264 0.155267
3 0.938281 0.588718 0.0860733 0.127242
3 0.282778 0.603084 0.038016 0.0630137
3 0.58905 0.563899 0.0291656 0.0591429
3 0.724258 0.578542 0.0702645 0.127572
3 0.275498 0.395635 0.0260065 0.0437408
3 0.232526 0.44118 0.0289229 0.0447275
3 0.299745 0.433559 0.0195271 0.0427786
3 0.75619 0.520322 0.0494951 0.092878
3 0.697774 0.441632 0.057265 0.105338
4 0.148499 0.488392 0.0195618 0.0137717
3 0.21279 0.394693 0.0242805 0.0396327
5 0.852178 0.333466 0.0192801 0.0941884
5 0.906796 0.337557 0.0119419 0.0647657
5 0.92551 0.332131 0.0170521 0.0917868
5 0.685833 0.342783 0.010696 0.0656443
5 0.975999 0.339454 0.0217327 0.0954929
7 0.682923 0.587651 0.0205681 0.0428749
1 0.504384 0.721055 0.142597 0.402926
7 0.885973 0.684519 0.0458193 0.0416523
5 0.701511 0.342032 0.013529 0.073281
5 0.745561 0.335934 0.0136225 0.0753067
7 0.744001 0.652478 0.0301128 0.0531947
7 0.683763 0.595709 0.0222655 0.0588429
5 0.971751 0.339501 0.0220675 0.0905931
5 0.968091 0.337534 0.0166195 0.0851915
7 0.820041 0.678303 0.030769 0.0436928
1 0.504077 0.835763 0.14615 0.195152
5 0.782861 0.342032 0.00964146 0.0596843
4 0.450425 0.488944 0.0160231 0.0170539
