3 0.965311 0.711946 0.069378 0.197499
3 0.835275 0.478461 0.0942001 0.152365
6 0.852603 0.571608 0.0531509 0.0838606
0 0.500887 0.831621 0.146018 0.183696
7 0.841578 0.715059 0.0520485 0.0834512
4 0.500071 0.792665 0.0198171 0.0678149
3 0.887722 0.971306 0.0993637 0.0520263
5 0.842544 0.331394 0.0147631 0.0936571
4 0.235058 0.744918 0.016655 0.0548892
4 0.560565 0.575141 0.0207228 0.0213501
5 0.856075 0.339004 0.0128998 0.0716801
3 0.83671 0.583912 0.0813383 0.0962713
5 0.972749 0.344868 0.0355949 0.168384
5 0.810681 0.334757 0.0155874 0.0842134
3 0.505773 0.581558 0.0288316 0.031905
7 0.862502 0.652816 0.0262253 0.0505684
5 0.820024 0.333835 0.010696 0.078885
3 0.933369 0.66107 0.0247078 0.0643608
7 0.819623 0.637879 0.0332325 0.0659091
7 0.810998 0.675809 0.0515186 0.0852705
5 0.816564 0.334532 0.0162083 0.0831577
3 0.93961 0.660281 0.0383488 0.0645004
