3 0.215169 0.658311 0.0502269 0.0880335
3 0.357 0.751705 0.0645114 0.126227
3 0.64292 0.602918 0.0354444 0.0664154
4 0.157881 0.937609 0.0391028 0.0902422
3 0.5017 0.500125 0.0396412 0.040016
4 0.226379 0.73536 0.0338723 0.0557421
3 0.792084 0.384928 0.016041 0.0327293
3 0.4855 0.395187 0.0283315 0.0325975
3 0.746125 0.384023 0.0201056 0.0340165
4 0.500013 0.795234 0.0194073 0.0668686
3 0.566368 0.393151 0.0356045 0.0296446
5 0.508565 0.34611 0.00810585 0.0398147
4 0.807594 0.490505 0.0197107 0.0162755
1 0.499479 0.834457 0.145336 0.1894
4 0.888747 0.483128 0.0172329 0.0142054
3 0.600823 0.495607 0.032383 0.0320137
3 0.743849 0.381106 0.0244977 0.0329534
5 0.60764 0.344767 0.00845343 0.041984
4 0.888427 0.47928 0.0145779 0.0155672
5 0.569184 0.344437 0.00646445 0.038332
4 0.872209 0.480213 0.0118496 0.0173256
5 0.483706 0.345177 0.0102287 0.0392601
5 0.581786 0.343277 0.00871805 0.0395788
5 0.486136 0.345995 0.00954323 0.0449929
