3 0.0906424 0.577617 0.0831776 0.128676
0 0.499033 0.723441 0.147721 0.409096
3 0.321646 0.67964 0.0469896 0.0904936
3 0.211994 0.451254 0.0700566 0.112825
3 0.275028 0.521451 0.0485847 0.0932351
3 0.143864 0.517283 0.0558949 0.0931833
4 0.808143 0.760208 0.0491585 0.0763232
6 0.267297 0.482778 0.0301726 0.0507724
3 0.054098 0.44736 0.078943 0.108964
4 0.0227003 0.591434 0.0371259 0.0259336
7 0.193193 0.620566 0.0194499 0.0469551
5 0.183491 0.343643 0.0130215 0.0819983
5 0.0899258 0.347473 0.025702 0.0952411
5 0.0209229 0.336587 0.0146581 0.0663977
5 0.236477 0.338873 0.0106503 0.0666171
7 0.124417 0.63531 0.0379726 0.0406337
4 0.503854 0.788358 0.0302856 0.0816608
5 0.0864749 0.342329 0.0159859 0.08787
5 0.217215 0.34349 0.00941162 0.0466946
5 0.0369339 0.339485 0.0132061 0.0764158
6 0.186757 0.51576 0.0183445 0.062182
5 0.276193 0.344342 0.0123675 0.0607078
5 0.0428875 0.340664 0.0146611 0.0755886
5 0.0448984 0.34359 0.0275088 0.0811828
6 0.112339 0.518995 0.0351198 0.0578388
7 0.240262 0.595265 0.0195965 0.0529149
5 0.108979 0.349546 0.0141114 0.0762245
5 0.154642 0.343374 0.0100517 0.0534095
5 0.215299 0.344815 0.0108506 0.0549743
7 0.170735 0.561312 0.0115633 0.0351825
5 0.111318 0.353406 0.0205026 0.0860308
