3 0.407131 0.36174 0.149057 0.258056
4 0.261617 0.499064 0.120415 0.137943
6 0.462305 0.482608 0.046121 0.0968512
7 0.463131 0.720465 0.0428068 0.0875716
6 0.671375 0.462318 0.0692878 0.0954768
3 0.32143 0.5484 0.071748 0.202665
3 0.696867 0.335496 0.120734 0.200045
3 0.872588 0.312447 0.0242172 0.0518459
7 0.587717 0.715359 0.0593331 0.0902125
7 0.671347 0.603903 0.0582122 0.0808375
5 0.444943 0.0921559 0.0208399 0.151602
3 0.564001 0.503583 0.0945545 0.17528
3 0.868288 0.241644 0.0366756 0.0733853
3 0.9841 0.346108 0.0310448 0.0558414
7 0.429409 0.574351 0.0374241 0.0983719
5 0.332182 0.0975537 0.021278 0.135884
7 0.667945 0.688604 0.063929 0.084866
7 0.360495 0.703132 0.0529616 0.0848985
5 0.25879 0.106613 0.0231434 0.123027
5 0.744325 0.117389 0.0145683 0.110812
5 0.712609 0.110838 0.0176213 0.138206
6 0.601383 0.487468 0.0942099 0.148637
5 0.62477 0.109191 0.0272013 0.159409
5 0.536829 0.13274 0.0160269 0.0972539
6 0.604195 0.401529 0.0268261 0.0906321
6 0.527332 0.388929 0.0252327 0.0784185
7 0.318339 0.675654 0.0368389 0.0536572
5 0.413563 0.131527 0.0147347 0.0956056
7 0.365185 0.608692 0.0213188 0.0651737
3 0.745275 0.243456 0.0384396 0.0576218
6 0.355753 0.467504 0.0457332 0.081042
4 0.602764 0.48591 0.0939648 0.153822
5 0.620335 0.123986 0.0199817 0.129514
6 0.315197 0.448974 0.0510191 0.107862
4 0.982925 0.397439 0.0118465 0.044782
7 0.602188 0.58039 0.0206165 0.0858614
