3 0.85177 0.903901 0.104268 0.171991
3 0.975953 0.555054 0.047863 0.112012
3 0.706406 0.917534 0.096677 0.152187
3 0.902802 0.429877 0.0601879 0.0936337
3 0.912137 0.499661 0.055122 0.0703784
7 0.911697 0.584321 0.0338905 0.0566184
5 0.976595 0.348767 0.013014 0.0830965
4 0.475244 0.970267 0.0473629 0.0541531
5 0.906636 0.345172 0.0122793 0.0653268
5 0.932551 0.346594 0.0118578 0.0572189
6 0.91132 0.498176 0.0484955 0.0671622
5 0.934757 0.342937 0.0125874 0.0577375
5 0.908278 0.347312 0.01693 0.0703792
5 0.890652 0.346684 0.0115032 0.0619375
