3 0.917211 0.456607 0.0392382 0.0606421
3 0.0579866 0.589412 0.0452272 0.0670645
3 0.232328 0.520575 0.048945 0.0922549
3 0.363617 0.528074 0.051744 0.0927601
3 0.267572 0.44188 0.0622903 0.106074
3 0.612561 0.522949 0.0244974 0.0472604
3 0.860153 0.401101 0.0325668 0.0515758
3 0.392797 0.422196 0.0433428 0.0834722
0 0.500097 0.831457 0.148611 0.191237
3 0.950887 0.402489 0.0317549 0.0470959
4 0.498006 0.796421 0.0231808 0.0705008
3 0.831481 0.443708 0.0283407 0.0503144
7 0.345136 0.585378 0.0208524 0.0376134
5 0.382372 0.343557 0.00929546 0.0578006
5 0.237017 0.337229 0.0102119 0.0629768
7 0.296674 0.592087 0.0208685 0.0389961
7 0.256224 0.585667 0.0289871 0.0402595
6 0.240844 0.482522 0.0365433 0.047119
3 0.349772 0.483851 0.0347362 0.0566414
5 0.210564 0.343399 0.0105366 0.0608813
5 0.288674 0.34097 0.0104994 0.0574446
6 0.292798 0.500805 0.0268178 0.0541309
7 0.240893 0.579567 0.0280857 0.0441532
5 0.345441 0.344265 0.0126609 0.0596918
5 0.276556 0.339116 0.0120869 0.0582517
5 0.257489 0.343455 0.00793943 0.0464339
6 0.39682 0.468739 0.0252611 0.034415
5 0.219615 0.343544 0.00798569 0.056018
5 0.367998 0.346453 0.00745093 0.045981
7 0.236601 0.575427 0.0310252 0.0416454
7 0.390861 0.550915 0.0287062 0.0523447
5 0.214825 0.345507 0.0162866 0.0598401
