3 0.40713 0.361573 0.148994 0.258215
3 0.63765 0.610555 0.143532 0.225337
4 0.887603 0.867461 0.0733465 0.196039
7 0.462843 0.720619 0.044472 0.0900946
3 0.318655 0.553821 0.0779689 0.205635
4 0.246958 0.499469 0.132799 0.13447
3 0.867621 0.242516 0.0377024 0.0737148
6 0.462548 0.480897 0.0457991 0.0977139
3 0.698914 0.336015 0.117956 0.20207
3 0.983769 0.345313 0.0313915 0.0554543
7 0.58968 0.716641 0.0582285 0.0889242
6 0.594518 0.47796 0.0581232 0.0968658
3 0.871883 0.313256 0.0248756 0.0526917
3 0.570311 0.500496 0.106947 0.172536
5 0.332213 0.0961589 0.0219256 0.137284
5 0.445038 0.0922328 0.0203468 0.148886
7 0.361537 0.703635 0.0513456 0.083923
7 0.429286 0.573291 0.0381143 0.100202
5 0.744774 0.116785 0.0142653 0.109027
5 0.258371 0.106435 0.0239023 0.121044
5 0.712373 0.111132 0.0181763 0.137555
5 0.624424 0.108843 0.0270067 0.159255
7 0.313892 0.672189 0.0437027 0.065202
5 0.537083 0.133044 0.0155817 0.0979033
6 0.527448 0.389613 0.0241102 0.0795571
6 0.605262 0.397575 0.0247152 0.0809986
5 0.413364 0.128098 0.0154133 0.095025
3 0.745095 0.243344 0.0382043 0.058095
6 0.685527 0.44282 0.0563303 0.0638033
7 0.365491 0.610025 0.0207722 0.0687882
6 0.356791 0.466859 0.0494294 0.0934842
6 0.312756 0.446306 0.0517694 0.103875
5 0.621236 0.123028 0.0216306 0.129059
