0 0.206250 0.894444 0.328125 0.211111
4 0.256250 0.634722 0.087500 0.108333
4 0.559375 0.702778 0.056250 0.083333
4 0.599219 0.659722 0.054688 0.058333
4 0.687500 0.562500 0.021875 0.036111
3 0.608594 0.348611 0.110937 0.197222
3 0.617969 0.512500 0.095312 0.158333
3 0.781250 0.561111 0.125000 0.216667
3 0.900781 0.504167 0.101562 0.163889
3 0.751563 0.341667 0.093750 0.161111
3 0.942187 0.354167 0.115625 0.202778
7 0.635156 0.633333 0.067187 0.100000
7 0.597656 0.613889 0.060937 0.094444
7 0.728125 0.641667 0.021875 0.066667
7 0.828906 0.656944 0.026562 0.086111
7 0.917969 0.640278 0.076563 0.091667
7 0.965625 0.597222 0.028125 0.050000
7 0.932031 0.583333 0.042188 0.072222
7 0.857812 0.584722 0.025000 0.052778
7 0.653125 0.587500 0.018750 0.041667
7 0.591406 0.562500 0.035937 0.052778
6 0.635156 0.445833 0.057813 0.097222
6 0.731250 0.444444 0.018750 0.077778
6 0.608594 0.458333 0.029687 0.027778
6 0.827344 0.443056 0.032813 0.075000
6 0.921875 0.436111 0.075000 0.094444
6 0.860156 0.419444 0.032813 0.072222
5 0.564844 0.155556 0.020313 0.122222
5 0.575000 0.172222 0.015625 0.094444
5 0.603125 0.148611 0.018750 0.125000
5 0.620313 0.173611 0.018750 0.086111
5 0.711719 0.184722 0.014063 0.102778
5 0.732031 0.134722 0.017188 0.152778
5 0.791406 0.179167 0.017188 0.102778
5 0.842187 0.125000 0.021875 0.144444
5 0.894531 0.166667 0.014063 0.105556
5 0.965625 0.119444 0.015625 0.116667
5 0.989844 0.133333 0.014063 0.122222
