0 0.500299 0.833224 0.145826 0.185275
3 0.789921 0.587992 0.0756011 0.117123
3 0.394879 0.576483 0.0328686 0.0648588
3 0.814461 0.488205 0.101132 0.159097
3 0.904167 0.459985 0.0776524 0.13166
6 0.838385 0.582687 0.0495201 0.0780877
5 0.984682 0.322388 0.0301643 0.14194
7 0.830089 0.739403 0.0516514 0.0820652
5 0.778944 0.333856 0.0227736 0.093272
5 0.82985 0.331654 0.0174557 0.107172
7 0.778154 0.656909 0.0418194 0.0856254
7 0.782276 0.689797 0.0418648 0.0631991
5 0.94123 0.34085 0.0175631 0.087859
5 0.801507 0.338692 0.011722 0.0708936
7 0.78187 0.677313 0.043018 0.0815608
5 0.873755 0.335344 0.0121174 0.0668887
6 0.947367 0.622907 0.0411148 0.0679449
0 0.500638 0.72427 0.15166 0.419386
