3 0.953211 0.940729 0.093578 0.115079
3 0.366119 0.614467 0.0374495 0.0743382
3 0.946052 0.472282 0.102921 0.142529
3 0.791703 0.579098 0.0751392 0.129941
3 0.732878 0.441573 0.0579157 0.108941
3 0.966831 0.579664 0.0663381 0.112741
3 0.87594 0.437443 0.0540571 0.0996125
3 0.7334 0.52303 0.0339137 0.0500772
4 0.498774 0.794813 0.0200947 0.0745856
1 0.497815 0.727649 0.142996 0.396439
5 0.862964 0.338233 0.0100475 0.0510463
3 0.781369 0.501863 0.0435049 0.0646942
5 0.79297 0.341866 0.00817184 0.0519978
5 0.770118 0.337374 0.010701 0.0745427
6 0.907627 0.538968 0.0434952 0.0541453
5 0.942966 0.332526 0.0156868 0.0866026
5 0.914201 0.340505 0.00957909 0.0606828
5 0.829617 0.338719 0.0122688 0.0864731
5 0.989544 0.334727 0.0163719 0.079056
5 0.992334 0.333118 0.014139 0.0767927
5 0.757452 0.344255 0.00957832 0.0567389
7 0.941846 0.667868 0.0424713 0.0403709
1 0.499619 0.834971 0.144378 0.187339
7 0.844992 0.574879 0.0177898 0.0531724
7 0.894029 0.669593 0.0437756 0.0412875
