0 0.49938 0.834973 0.144654 0.18176
6 0.0825273 0.864887 0.111303 0.15233
3 0.760002 0.47341 0.0184879 0.0357829
3 0.296139 0.565448 0.034371 0.061297
3 0.621725 0.436805 0.0210828 0.0443502
5 0.0896793 0.269655 0.0480996 0.255958
5 0.142858 0.307296 0.0296257 0.167201
3 0.653835 0.399068 0.0256289 0.047804
3 0.0816296 0.962036 0.163259 0.0759283
3 0.70198 0.39668 0.0234512 0.0402989
6 0.112586 0.74613 0.0981755 0.191617
3 0.693169 0.446532 0.0281872 0.0449641
4 0.992664 0.634593 0.0142757 0.0352429
3 0.633001 0.392568 0.021469 0.0351223
4 0.915575 0.544384 0.0224899 0.0226876
3 0.108305 0.576852 0.162935 0.269221
3 0.669263 0.432909 0.018758 0.042002
6 0.111381 0.888442 0.0516995 0.0934803
4 0.817571 0.463172 0.0188869 0.0195115
