3 0.18402 0.457039 0.174099 0.274215
3 0.35513 0.59639 0.0692817 0.134426
3 0.568983 0.563995 0.0310469 0.066317
3 0.0713745 0.489061 0.0262346 0.0396535
3 0.395546 0.529047 0.0463241 0.0942738
4 0.0683708 0.644372 0.037016 0.0387693
3 0.428194 0.44706 0.0574014 0.115722
3 0.315869 0.432442 0.044309 0.095328
4 0.498813 0.77373 0.0245481 0.098625
7 0.261459 0.664493 0.0474135 0.0453068
7 0.265874 0.612409 0.017353 0.0390172
7 0.22989 0.625534 0.0360433 0.0577775
5 0.319214 0.334949 0.0115655 0.0896895
5 0.437692 0.342557 0.0131674 0.0784445
6 0.422877 0.513862 0.0276468 0.0673582
5 0.332119 0.346288 0.00980968 0.0621101
5 0.381276 0.338468 0.013478 0.0850991
5 0.288708 0.341661 0.00884924 0.0647694
7 0.226201 0.648681 0.0360661 0.0374718
5 0.416735 0.341918 0.00895519 0.0549015
7 0.32596 0.66961 0.0141693 0.051723
6 0.420335 0.497171 0.0383218 0.0463366
5 0.414544 0.344796 0.00966148 0.0628028
