3 0.773427 0.57969 0.0747208 0.134303
3 0.91868 0.490684 0.113291 0.177753
3 0.646874 0.616792 0.0396477 0.0766426
3 0.785561 0.444828 0.0635313 0.111602
3 0.874002 0.556425 0.0623121 0.0984349
3 0.487964 0.592228 0.0333277 0.0573179
3 0.986921 0.464328 0.0258156 0.144739
4 0.444773 0.618306 0.014411 0.0583195
7 0.78838 0.659544 0.043214 0.0678921
5 0.759885 0.339224 0.0144753 0.0715942
5 0.795024 0.339116 0.010364 0.0649698
5 0.785142 0.337955 0.0127314 0.075132
5 0.862591 0.340564 0.0111614 0.065427
5 0.885236 0.331591 0.0179497 0.0925793
5 0.763701 0.340045 0.013411 0.0692343
5 0.92103 0.338717 0.0115643 0.0606181
0 0.501985 0.736765 0.145371 0.385647
5 0.980277 0.327997 0.0291107 0.107869
