4 0.747531 0.894413 0.0461708 0.108988
3 0.0327032 0.478234 0.0654064 0.154238
3 0.342944 0.578379 0.0320984 0.0632463
3 0.31567 0.607518 0.0376696 0.0731263
3 0.570614 0.68651 0.0469163 0.10057
4 0.678676 0.763672 0.0314672 0.0544456
5 0.0315865 0.334623 0.0187443 0.0913571
3 0.0104758 0.681634 0.0209515 0.176924
3 0.541914 0.63929 0.03065 0.062639
4 0.497385 0.789491 0.0223639 0.0681317
6 0.0254265 0.554308 0.0491097 0.0760159
5 0.0129245 0.334398 0.0189274 0.0820614
7 0.0312828 0.654949 0.0225436 0.0334444
7 0.0401028 0.691118 0.0412663 0.0718718
