0 0.49982 0.849433 0.165967 0.186149
3 0.189875 0.390284 0.0218091 0.0383436
3 0.471112 0.403143 0.0385146 0.037152
3 0.133895 0.389395 0.0198462 0.0358323
3 0.437559 0.396767 0.0311092 0.0375428
3 0.542392 0.401758 0.0291123 0.0385208
5 0.536438 0.345891 0.00771484 0.0416027
7 0.521149 0.537173 0.015214 0.0288367
4 0.916233 0.649692 0.0081171 0.0153312
5 0.484905 0.34744 0.00883007 0.0481957
5 0.504957 0.351169 0.00724754 0.0379259
5 0.482567 0.349777 0.0100459 0.0430437
5 0.411134 0.345776 0.00802402 0.0385437
7 0.532499 0.528705 0.0204771 0.0220096
5 0.43884 0.345007 0.00620127 0.0362769
5 0.420175 0.348091 0.00755157 0.037147
5 0.444817 0.347753 0.00964184 0.0373954
