0 0.497656 0.845370 0.163021 0.194444
4 0.244010 0.509722 0.009896 0.036111
4 0.339844 0.495833 0.005729 0.025000
3 0.242188 0.474537 0.028125 0.043519
3 0.336719 0.455093 0.023438 0.021296
3 0.400781 0.454630 0.028646 0.050000
3 0.373698 0.407870 0.023438 0.039815
3 0.448437 0.411111 0.031250 0.050000
3 0.471094 0.440741 0.017188 0.053704
3 0.401562 0.420833 0.012500 0.013889
7 0.381250 0.474074 0.018750 0.022222
7 0.379688 0.463426 0.014583 0.015741
7 0.467969 0.465278 0.014063 0.019444
7 0.433073 0.464352 0.011979 0.037963
6 0.466667 0.423148 0.016667 0.025926
6 0.376823 0.424074 0.015104 0.027778
6 0.393229 0.420370 0.008333 0.014815
6 0.408333 0.414352 0.013542 0.023148
6 0.464062 0.412500 0.013542 0.017593
6 0.440104 0.427778 0.010417 0.022222
